p edge 500 4459
e 1 2 4
e 1 80 82
e 1 81 83
e 1 82 84
e 1 160 162
e 1 161 163
e 1 162 164
e 1 240 42
e 1 241 43
e 1 242 44
e 1 320 122
e 1 321 123
e 1 322 124
e 1 400 2
e 1 401 3
e 1 402 4
e 1 480 82
e 1 481 83
e 1 482 84
e 2 3 6
e 2 81 84
e 2 82 85
e 2 83 86
e 2 161 164
e 2 162 165
e 2 163 166
e 2 241 44
e 2 242 45
e 2 243 46
e 2 321 124
e 2 322 125
e 2 323 126
e 2 401 4
e 2 402 5
e 2 403 6
e 2 481 84
e 2 482 85
e 2 483 86
e 3 4 8
e 3 82 86
e 3 83 87
e 3 84 88
e 3 162 166
e 3 163 167
e 3 164 168
e 3 242 46
e 3 243 47
e 3 244 48
e 3 322 126
e 3 323 127
e 3 324 128
e 3 402 6
e 3 403 7
e 3 404 8
e 3 482 86
e 3 483 87
e 3 484 88
e 4 5 10
e 4 83 88
e 4 84 89
e 4 85 90
e 4 163 168
e 4 164 169
e 4 165 170
e 4 243 48
e 4 244 49
e 4 245 50
e 4 323 128
e 4 324 129
e 4 325 130
e 4 403 8
e 4 404 9
e 4 405 10
e 4 483 88
e 4 484 89
e 4 485 90
e 5 6 12
e 5 84 90
e 5 85 91
e 5 86 92
e 5 164 170
e 5 165 171
e 5 166 172
e 5 244 50
e 5 245 51
e 5 246 52
e 5 324 130
e 5 325 131
e 5 326 132
e 5 404 10
e 5 405 11
e 5 406 12
e 5 484 90
e 5 485 91
e 5 486 92
e 6 7 14
e 6 85 92
e 6 86 93
e 6 87 94
e 6 165 172
e 6 166 173
e 6 167 174
e 6 245 52
e 6 246 53
e 6 247 54
e 6 325 132
e 6 326 133
e 6 327 134
e 6 405 12
e 6 406 13
e 6 407 14
e 6 485 92
e 6 486 93
e 6 487 94
e 7 8 16
e 7 86 94
e 7 87 95
e 7 88 96
e 7 166 174
e 7 167 175
e 7 168 176
e 7 246 54
e 7 247 55
e 7 248 56
e 7 326 134
e 7 327 135
e 7 328 136
e 7 406 14
e 7 407 15
e 7 408 16
e 7 486 94
e 7 487 95
e 7 488 96
e 8 9 18
e 8 87 96
e 8 88 97
e 8 89 98
e 8 167 176
e 8 168 177
e 8 169 178
e 8 247 56
e 8 248 57
e 8 249 58
e 8 327 136
e 8 328 137
e 8 329 138
e 8 407 16
e 8 408 17
e 8 409 18
e 8 487 96
e 8 488 97
e 8 489 98
e 9 10 20
e 9 88 98
e 9 89 99
e 9 90 100
e 9 168 178
e 9 169 179
e 9 170 180
e 9 248 58
e 9 249 59
e 9 250 60
e 9 328 138
e 9 329 139
e 9 330 140
e 9 408 18
e 9 409 19
e 9 410 20
e 9 488 98
e 9 489 99
e 9 490 100
e 10 11 22
e 10 89 100
e 10 90 101
e 10 91 102
e 10 169 180
e 10 170 181
e 10 171 182
e 10 249 60
e 10 250 61
e 10 251 62
e 10 329 140
e 10 330 141
e 10 331 142
e 10 409 20
e 10 410 21
e 10 411 22
e 10 489 100
e 10 490 101
e 10 491 102
e 11 12 24
e 11 90 102
e 11 91 103
e 11 92 104
e 11 170 182
e 11 171 183
e 11 172 184
e 11 250 62
e 11 251 63
e 11 252 64
e 11 330 142
e 11 331 143
e 11 332 144
e 11 410 22
e 11 411 23
e 11 412 24
e 11 490 102
e 11 491 103
e 11 492 104
e 12 13 26
e 12 91 104
e 12 92 105
e 12 93 106
e 12 171 184
e 12 172 185
e 12 173 186
e 12 251 64
e 12 252 65
e 12 253 66
e 12 331 144
e 12 332 145
e 12 333 146
e 12 411 24
e 12 412 25
e 12 413 26
e 12 491 104
e 12 492 105
e 12 493 106
e 13 14 28
e 13 92 106
e 13 93 107
e 13 94 108
e 13 172 186
e 13 173 187
e 13 174 188
e 13 252 66
e 13 253 67
e 13 254 68
e 13 332 146
e 13 333 147
e 13 334 148
e 13 412 26
e 13 413 27
e 13 414 28
e 13 492 106
e 13 493 107
e 13 494 108
e 14 15 30
e 14 93 108
e 14 94 109
e 14 95 110
e 14 173 188
e 14 174 189
e 14 175 190
e 14 253 68
e 14 254 69
e 14 255 70
e 14 333 148
e 14 334 149
e 14 335 150
e 14 413 28
e 14 414 29
e 14 415 30
e 14 493 108
e 14 494 109
e 14 495 110
e 15 16 32
e 15 94 110
e 15 95 111
e 15 96 112
e 15 174 190
e 15 175 191
e 15 176 192
e 15 254 70
e 15 255 71
e 15 256 72
e 15 334 150
e 15 335 151
e 15 336 152
e 15 414 30
e 15 415 31
e 15 416 32
e 15 494 110
e 15 495 111
e 15 496 112
e 16 17 34
e 16 95 112
e 16 96 113
e 16 97 114
e 16 175 192
e 16 176 193
e 16 177 194
e 16 255 72
e 16 256 73
e 16 257 74
e 16 335 152
e 16 336 153
e 16 337 154
e 16 415 32
e 16 416 33
e 16 417 34
e 16 495 112
e 16 496 113
e 16 497 114
e 17 18 36
e 17 96 114
e 17 97 115
e 17 98 116
e 17 176 194
e 17 177 195
e 17 178 196
e 17 256 74
e 17 257 75
e 17 258 76
e 17 336 154
e 17 337 155
e 17 338 156
e 17 416 34
e 17 417 35
e 17 418 36
e 17 496 114
e 17 497 115
e 17 498 116
e 18 19 38
e 18 97 116
e 18 98 117
e 18 99 118
e 18 177 196
e 18 178 197
e 18 179 198
e 18 257 76
e 18 258 77
e 18 259 78
e 18 337 156
e 18 338 157
e 18 339 158
e 18 417 36
e 18 418 37
e 18 419 38
e 18 497 116
e 18 498 117
e 18 499 118
e 19 20 40
e 19 98 118
e 19 99 119
e 19 100 120
e 19 178 198
e 19 179 199
e 19 180 200
e 19 258 78
e 19 259 79
e 19 260 80
e 19 338 158
e 19 339 159
e 19 340 160
e 19 418 38
e 19 419 39
e 19 420 40
e 19 498 118
e 19 499 119
e 19 500 120
e 20 21 42
e 20 99 120
e 20 100 121
e 20 101 122
e 20 179 200
e 20 180 1
e 20 181 2
e 20 259 80
e 20 260 81
e 20 261 82
e 20 339 160
e 20 340 161
e 20 341 162
e 20 419 40
e 20 420 41
e 20 421 42
e 20 499 120
e 20 500 121
e 21 22 44
e 21 100 122
e 21 101 123
e 21 102 124
e 21 180 2
e 21 181 3
e 21 182 4
e 21 260 82
e 21 261 83
e 21 262 84
e 21 340 162
e 21 341 163
e 21 342 164
e 21 420 42
e 21 421 43
e 21 422 44
e 21 500 122
e 22 23 46
e 22 101 124
e 22 102 125
e 22 103 126
e 22 181 4
e 22 182 5
e 22 183 6
e 22 261 84
e 22 262 85
e 22 263 86
e 22 341 164
e 22 342 165
e 22 343 166
e 22 421 44
e 22 422 45
e 22 423 46
e 23 24 48
e 23 102 126
e 23 103 127
e 23 104 128
e 23 182 6
e 23 183 7
e 23 184 8
e 23 262 86
e 23 263 87
e 23 264 88
e 23 342 166
e 23 343 167
e 23 344 168
e 23 422 46
e 23 423 47
e 23 424 48
e 24 25 50
e 24 103 128
e 24 104 129
e 24 105 130
e 24 183 8
e 24 184 9
e 24 185 10
e 24 263 88
e 24 264 89
e 24 265 90
e 24 343 168
e 24 344 169
e 24 345 170
e 24 423 48
e 24 424 49
e 24 425 50
e 25 26 52
e 25 104 130
e 25 105 131
e 25 106 132
e 25 184 10
e 25 185 11
e 25 186 12
e 25 264 90
e 25 265 91
e 25 266 92
e 25 344 170
e 25 345 171
e 25 346 172
e 25 424 50
e 25 425 51
e 25 426 52
e 26 27 54
e 26 105 132
e 26 106 133
e 26 107 134
e 26 185 12
e 26 186 13
e 26 187 14
e 26 265 92
e 26 266 93
e 26 267 94
e 26 345 172
e 26 346 173
e 26 347 174
e 26 425 52
e 26 426 53
e 26 427 54
e 27 28 56
e 27 106 134
e 27 107 135
e 27 108 136
e 27 186 14
e 27 187 15
e 27 188 16
e 27 266 94
e 27 267 95
e 27 268 96
e 27 346 174
e 27 347 175
e 27 348 176
e 27 426 54
e 27 427 55
e 27 428 56
e 28 29 58
e 28 107 136
e 28 108 137
e 28 109 138
e 28 187 16
e 28 188 17
e 28 189 18
e 28 267 96
e 28 268 97
e 28 269 98
e 28 347 176
e 28 348 177
e 28 349 178
e 28 427 56
e 28 428 57
e 28 429 58
e 29 30 60
e 29 108 138
e 29 109 139
e 29 110 140
e 29 188 18
e 29 189 19
e 29 190 20
e 29 268 98
e 29 269 99
e 29 270 100
e 29 348 178
e 29 349 179
e 29 350 180
e 29 428 58
e 29 429 59
e 29 430 60
e 30 31 62
e 30 109 140
e 30 110 141
e 30 111 142
e 30 189 20
e 30 190 21
e 30 191 22
e 30 269 100
e 30 270 101
e 30 271 102
e 30 349 180
e 30 350 181
e 30 351 182
e 30 429 60
e 30 430 61
e 30 431 62
e 31 32 64
e 31 110 142
e 31 111 143
e 31 112 144
e 31 190 22
e 31 191 23
e 31 192 24
e 31 270 102
e 31 271 103
e 31 272 104
e 31 350 182
e 31 351 183
e 31 352 184
e 31 430 62
e 31 431 63
e 31 432 64
e 32 33 66
e 32 111 144
e 32 112 145
e 32 113 146
e 32 191 24
e 32 192 25
e 32 193 26
e 32 271 104
e 32 272 105
e 32 273 106
e 32 351 184
e 32 352 185
e 32 353 186
e 32 431 64
e 32 432 65
e 32 433 66
e 33 34 68
e 33 112 146
e 33 113 147
e 33 114 148
e 33 192 26
e 33 193 27
e 33 194 28
e 33 272 106
e 33 273 107
e 33 274 108
e 33 352 186
e 33 353 187
e 33 354 188
e 33 432 66
e 33 433 67
e 33 434 68
e 34 35 70
e 34 113 148
e 34 114 149
e 34 115 150
e 34 193 28
e 34 194 29
e 34 195 30
e 34 273 108
e 34 274 109
e 34 275 110
e 34 353 188
e 34 354 189
e 34 355 190
e 34 433 68
e 34 434 69
e 34 435 70
e 35 36 72
e 35 114 150
e 35 115 151
e 35 116 152
e 35 194 30
e 35 195 31
e 35 196 32
e 35 274 110
e 35 275 111
e 35 276 112
e 35 354 190
e 35 355 191
e 35 356 192
e 35 434 70
e 35 435 71
e 35 436 72
e 36 37 74
e 36 115 152
e 36 116 153
e 36 117 154
e 36 195 32
e 36 196 33
e 36 197 34
e 36 275 112
e 36 276 113
e 36 277 114
e 36 355 192
e 36 356 193
e 36 357 194
e 36 435 72
e 36 436 73
e 36 437 74
e 37 38 76
e 37 116 154
e 37 117 155
e 37 118 156
e 37 196 34
e 37 197 35
e 37 198 36
e 37 276 114
e 37 277 115
e 37 278 116
e 37 356 194
e 37 357 195
e 37 358 196
e 37 436 74
e 37 437 75
e 37 438 76
e 38 39 78
e 38 117 156
e 38 118 157
e 38 119 158
e 38 197 36
e 38 198 37
e 38 199 38
e 38 277 116
e 38 278 117
e 38 279 118
e 38 357 196
e 38 358 197
e 38 359 198
e 38 437 76
e 38 438 77
e 38 439 78
e 39 40 80
e 39 118 158
e 39 119 159
e 39 120 160
e 39 198 38
e 39 199 39
e 39 200 40
e 39 278 118
e 39 279 119
e 39 280 120
e 39 358 198
e 39 359 199
e 39 360 200
e 39 438 78
e 39 439 79
e 39 440 80
e 40 41 82
e 40 119 160
e 40 120 161
e 40 121 162
e 40 199 40
e 40 200 41
e 40 201 42
e 40 279 120
e 40 280 121
e 40 281 122
e 40 359 200
e 40 360 1
e 40 361 2
e 40 439 80
e 40 440 81
e 40 441 82
e 41 42 84
e 41 120 162
e 41 121 163
e 41 122 164
e 41 200 42
e 41 201 43
e 41 202 44
e 41 280 122
e 41 281 123
e 41 282 124
e 41 360 2
e 41 361 3
e 41 362 4
e 41 440 82
e 41 441 83
e 41 442 84
e 42 43 86
e 42 121 164
e 42 122 165
e 42 123 166
e 42 201 44
e 42 202 45
e 42 203 46
e 42 281 124
e 42 282 125
e 42 283 126
e 42 361 4
e 42 362 5
e 42 363 6
e 42 441 84
e 42 442 85
e 42 443 86
e 43 44 88
e 43 122 166
e 43 123 167
e 43 124 168
e 43 202 46
e 43 203 47
e 43 204 48
e 43 282 126
e 43 283 127
e 43 284 128
e 43 362 6
e 43 363 7
e 43 364 8
e 43 442 86
e 43 443 87
e 43 444 88
e 44 45 90
e 44 123 168
e 44 124 169
e 44 125 170
e 44 203 48
e 44 204 49
e 44 205 50
e 44 283 128
e 44 284 129
e 44 285 130
e 44 363 8
e 44 364 9
e 44 365 10
e 44 443 88
e 44 444 89
e 44 445 90
e 45 46 92
e 45 124 170
e 45 125 171
e 45 126 172
e 45 204 50
e 45 205 51
e 45 206 52
e 45 284 130
e 45 285 131
e 45 286 132
e 45 364 10
e 45 365 11
e 45 366 12
e 45 444 90
e 45 445 91
e 45 446 92
e 46 47 94
e 46 125 172
e 46 126 173
e 46 127 174
e 46 205 52
e 46 206 53
e 46 207 54
e 46 285 132
e 46 286 133
e 46 287 134
e 46 365 12
e 46 366 13
e 46 367 14
e 46 445 92
e 46 446 93
e 46 447 94
e 47 48 96
e 47 126 174
e 47 127 175
e 47 128 176
e 47 206 54
e 47 207 55
e 47 208 56
e 47 286 134
e 47 287 135
e 47 288 136
e 47 366 14
e 47 367 15
e 47 368 16
e 47 446 94
e 47 447 95
e 47 448 96
e 48 49 98
e 48 127 176
e 48 128 177
e 48 129 178
e 48 207 56
e 48 208 57
e 48 209 58
e 48 287 136
e 48 288 137
e 48 289 138
e 48 367 16
e 48 368 17
e 48 369 18
e 48 447 96
e 48 448 97
e 48 449 98
e 49 50 100
e 49 128 178
e 49 129 179
e 49 130 180
e 49 208 58
e 49 209 59
e 49 210 60
e 49 288 138
e 49 289 139
e 49 290 140
e 49 368 18
e 49 369 19
e 49 370 20
e 49 448 98
e 49 449 99
e 49 450 100
e 50 51 102
e 50 129 180
e 50 130 181
e 50 131 182
e 50 209 60
e 50 210 61
e 50 211 62
e 50 289 140
e 50 290 141
e 50 291 142
e 50 369 20
e 50 370 21
e 50 371 22
e 50 449 100
e 50 450 101
e 50 451 102
e 51 52 104
e 51 130 182
e 51 131 183
e 51 132 184
e 51 210 62
e 51 211 63
e 51 212 64
e 51 290 142
e 51 291 143
e 51 292 144
e 51 370 22
e 51 371 23
e 51 372 24
e 51 450 102
e 51 451 103
e 51 452 104
e 52 53 106
e 52 131 184
e 52 132 185
e 52 133 186
e 52 211 64
e 52 212 65
e 52 213 66
e 52 291 144
e 52 292 145
e 52 293 146
e 52 371 24
e 52 372 25
e 52 373 26
e 52 451 104
e 52 452 105
e 52 453 106
e 53 54 108
e 53 132 186
e 53 133 187
e 53 134 188
e 53 212 66
e 53 213 67
e 53 214 68
e 53 292 146
e 53 293 147
e 53 294 148
e 53 372 26
e 53 373 27
e 53 374 28
e 53 452 106
e 53 453 107
e 53 454 108
e 54 55 110
e 54 133 188
e 54 134 189
e 54 135 190
e 54 213 68
e 54 214 69
e 54 215 70
e 54 293 148
e 54 294 149
e 54 295 150
e 54 373 28
e 54 374 29
e 54 375 30
e 54 453 108
e 54 454 109
e 54 455 110
e 55 56 112
e 55 134 190
e 55 135 191
e 55 136 192
e 55 214 70
e 55 215 71
e 55 216 72
e 55 294 150
e 55 295 151
e 55 296 152
e 55 374 30
e 55 375 31
e 55 376 32
e 55 454 110
e 55 455 111
e 55 456 112
e 56 57 114
e 56 135 192
e 56 136 193
e 56 137 194
e 56 215 72
e 56 216 73
e 56 217 74
e 56 295 152
e 56 296 153
e 56 297 154
e 56 375 32
e 56 376 33
e 56 377 34
e 56 455 112
e 56 456 113
e 56 457 114
e 57 58 116
e 57 136 194
e 57 137 195
e 57 138 196
e 57 216 74
e 57 217 75
e 57 218 76
e 57 296 154
e 57 297 155
e 57 298 156
e 57 376 34
e 57 377 35
e 57 378 36
e 57 456 114
e 57 457 115
e 57 458 116
e 58 59 118
e 58 137 196
e 58 138 197
e 58 139 198
e 58 217 76
e 58 218 77
e 58 219 78
e 58 297 156
e 58 298 157
e 58 299 158
e 58 377 36
e 58 378 37
e 58 379 38
e 58 457 116
e 58 458 117
e 58 459 118
e 59 60 120
e 59 138 198
e 59 139 199
e 59 140 200
e 59 218 78
e 59 219 79
e 59 220 80
e 59 298 158
e 59 299 159
e 59 300 160
e 59 378 38
e 59 379 39
e 59 380 40
e 59 458 118
e 59 459 119
e 59 460 120
e 60 61 122
e 60 139 200
e 60 140 1
e 60 141 2
e 60 219 80
e 60 220 81
e 60 221 82
e 60 299 160
e 60 300 161
e 60 301 162
e 60 379 40
e 60 380 41
e 60 381 42
e 60 459 120
e 60 460 121
e 60 461 122
e 61 62 124
e 61 140 2
e 61 141 3
e 61 142 4
e 61 220 82
e 61 221 83
e 61 222 84
e 61 300 162
e 61 301 163
e 61 302 164
e 61 380 42
e 61 381 43
e 61 382 44
e 61 460 122
e 61 461 123
e 61 462 124
e 62 63 126
e 62 141 4
e 62 142 5
e 62 143 6
e 62 221 84
e 62 222 85
e 62 223 86
e 62 301 164
e 62 302 165
e 62 303 166
e 62 381 44
e 62 382 45
e 62 383 46
e 62 461 124
e 62 462 125
e 62 463 126
e 63 64 128
e 63 142 6
e 63 143 7
e 63 144 8
e 63 222 86
e 63 223 87
e 63 224 88
e 63 302 166
e 63 303 167
e 63 304 168
e 63 382 46
e 63 383 47
e 63 384 48
e 63 462 126
e 63 463 127
e 63 464 128
e 64 65 130
e 64 143 8
e 64 144 9
e 64 145 10
e 64 223 88
e 64 224 89
e 64 225 90
e 64 303 168
e 64 304 169
e 64 305 170
e 64 383 48
e 64 384 49
e 64 385 50
e 64 463 128
e 64 464 129
e 64 465 130
e 65 66 132
e 65 144 10
e 65 145 11
e 65 146 12
e 65 224 90
e 65 225 91
e 65 226 92
e 65 304 170
e 65 305 171
e 65 306 172
e 65 384 50
e 65 385 51
e 65 386 52
e 65 464 130
e 65 465 131
e 65 466 132
e 66 67 134
e 66 145 12
e 66 146 13
e 66 147 14
e 66 225 92
e 66 226 93
e 66 227 94
e 66 305 172
e 66 306 173
e 66 307 174
e 66 385 52
e 66 386 53
e 66 387 54
e 66 465 132
e 66 466 133
e 66 467 134
e 67 68 136
e 67 146 14
e 67 147 15
e 67 148 16
e 67 226 94
e 67 227 95
e 67 228 96
e 67 306 174
e 67 307 175
e 67 308 176
e 67 386 54
e 67 387 55
e 67 388 56
e 67 466 134
e 67 467 135
e 67 468 136
e 68 69 138
e 68 147 16
e 68 148 17
e 68 149 18
e 68 227 96
e 68 228 97
e 68 229 98
e 68 307 176
e 68 308 177
e 68 309 178
e 68 387 56
e 68 388 57
e 68 389 58
e 68 467 136
e 68 468 137
e 68 469 138
e 69 70 140
e 69 148 18
e 69 149 19
e 69 150 20
e 69 228 98
e 69 229 99
e 69 230 100
e 69 308 178
e 69 309 179
e 69 310 180
e 69 388 58
e 69 389 59
e 69 390 60
e 69 468 138
e 69 469 139
e 69 470 140
e 70 71 142
e 70 149 20
e 70 150 21
e 70 151 22
e 70 229 100
e 70 230 101
e 70 231 102
e 70 309 180
e 70 310 181
e 70 311 182
e 70 389 60
e 70 390 61
e 70 391 62
e 70 469 140
e 70 470 141
e 70 471 142
e 71 72 144
e 71 150 22
e 71 151 23
e 71 152 24
e 71 230 102
e 71 231 103
e 71 232 104
e 71 310 182
e 71 311 183
e 71 312 184
e 71 390 62
e 71 391 63
e 71 392 64
e 71 470 142
e 71 471 143
e 71 472 144
e 72 73 146
e 72 151 24
e 72 152 25
e 72 153 26
e 72 231 104
e 72 232 105
e 72 233 106
e 72 311 184
e 72 312 185
e 72 313 186
e 72 391 64
e 72 392 65
e 72 393 66
e 72 471 144
e 72 472 145
e 72 473 146
e 73 74 148
e 73 152 26
e 73 153 27
e 73 154 28
e 73 232 106
e 73 233 107
e 73 234 108
e 73 312 186
e 73 313 187
e 73 314 188
e 73 392 66
e 73 393 67
e 73 394 68
e 73 472 146
e 73 473 147
e 73 474 148
e 74 75 150
e 74 153 28
e 74 154 29
e 74 155 30
e 74 233 108
e 74 234 109
e 74 235 110
e 74 313 188
e 74 314 189
e 74 315 190
e 74 393 68
e 74 394 69
e 74 395 70
e 74 473 148
e 74 474 149
e 74 475 150
e 75 76 152
e 75 154 30
e 75 155 31
e 75 156 32
e 75 234 110
e 75 235 111
e 75 236 112
e 75 314 190
e 75 315 191
e 75 316 192
e 75 394 70
e 75 395 71
e 75 396 72
e 75 474 150
e 75 475 151
e 75 476 152
e 76 77 154
e 76 155 32
e 76 156 33
e 76 157 34
e 76 235 112
e 76 236 113
e 76 237 114
e 76 315 192
e 76 316 193
e 76 317 194
e 76 395 72
e 76 396 73
e 76 397 74
e 76 475 152
e 76 476 153
e 76 477 154
e 77 78 156
e 77 156 34
e 77 157 35
e 77 158 36
e 77 236 114
e 77 237 115
e 77 238 116
e 77 316 194
e 77 317 195
e 77 318 196
e 77 396 74
e 77 397 75
e 77 398 76
e 77 476 154
e 77 477 155
e 77 478 156
e 78 79 158
e 78 157 36
e 78 158 37
e 78 159 38
e 78 237 116
e 78 238 117
e 78 239 118
e 78 317 196
e 78 318 197
e 78 319 198
e 78 397 76
e 78 398 77
e 78 399 78
e 78 477 156
e 78 478 157
e 78 479 158
e 79 80 160
e 79 158 38
e 79 159 39
e 79 160 40
e 79 238 118
e 79 239 119
e 79 240 120
e 79 318 198
e 79 319 199
e 79 320 200
e 79 398 78
e 79 399 79
e 79 400 80
e 79 478 158
e 79 479 159
e 79 480 160
e 80 81 162
e 80 159 40
e 80 160 41
e 80 161 42
e 80 239 120
e 80 240 121
e 80 241 122
e 80 319 200
e 80 320 1
e 80 321 2
e 80 399 80
e 80 400 81
e 80 401 82
e 80 479 160
e 80 480 161
e 80 481 162
e 81 82 164
e 81 160 42
e 81 161 43
e 81 162 44
e 81 240 122
e 81 241 123
e 81 242 124
e 81 320 2
e 81 321 3
e 81 322 4
e 81 400 82
e 81 401 83
e 81 402 84
e 81 480 162
e 81 481 163
e 81 482 164
e 82 83 166
e 82 161 44
e 82 162 45
e 82 163 46
e 82 241 124
e 82 242 125
e 82 243 126
e 82 321 4
e 82 322 5
e 82 323 6
e 82 401 84
e 82 402 85
e 82 403 86
e 82 481 164
e 82 482 165
e 82 483 166
e 83 84 168
e 83 162 46
e 83 163 47
e 83 164 48
e 83 242 126
e 83 243 127
e 83 244 128
e 83 322 6
e 83 323 7
e 83 324 8
e 83 402 86
e 83 403 87
e 83 404 88
e 83 482 166
e 83 483 167
e 83 484 168
e 84 85 170
e 84 163 48
e 84 164 49
e 84 165 50
e 84 243 128
e 84 244 129
e 84 245 130
e 84 323 8
e 84 324 9
e 84 325 10
e 84 403 88
e 84 404 89
e 84 405 90
e 84 483 168
e 84 484 169
e 84 485 170
e 85 86 172
e 85 164 50
e 85 165 51
e 85 166 52
e 85 244 130
e 85 245 131
e 85 246 132
e 85 324 10
e 85 325 11
e 85 326 12
e 85 404 90
e 85 405 91
e 85 406 92
e 85 484 170
e 85 485 171
e 85 486 172
e 86 87 174
e 86 165 52
e 86 166 53
e 86 167 54
e 86 245 132
e 86 246 133
e 86 247 134
e 86 325 12
e 86 326 13
e 86 327 14
e 86 405 92
e 86 406 93
e 86 407 94
e 86 485 172
e 86 486 173
e 86 487 174
e 87 88 176
e 87 166 54
e 87 167 55
e 87 168 56
e 87 246 134
e 87 247 135
e 87 248 136
e 87 326 14
e 87 327 15
e 87 328 16
e 87 406 94
e 87 407 95
e 87 408 96
e 87 486 174
e 87 487 175
e 87 488 176
e 88 89 178
e 88 167 56
e 88 168 57
e 88 169 58
e 88 247 136
e 88 248 137
e 88 249 138
e 88 327 16
e 88 328 17
e 88 329 18
e 88 407 96
e 88 408 97
e 88 409 98
e 88 487 176
e 88 488 177
e 88 489 178
e 89 90 180
e 89 168 58
e 89 169 59
e 89 170 60
e 89 248 138
e 89 249 139
e 89 250 140
e 89 328 18
e 89 329 19
e 89 330 20
e 89 408 98
e 89 409 99
e 89 410 100
e 89 488 178
e 89 489 179
e 89 490 180
e 90 91 182
e 90 169 60
e 90 170 61
e 90 171 62
e 90 249 140
e 90 250 141
e 90 251 142
e 90 329 20
e 90 330 21
e 90 331 22
e 90 409 100
e 90 410 101
e 90 411 102
e 90 489 180
e 90 490 181
e 90 491 182
e 91 92 184
e 91 170 62
e 91 171 63
e 91 172 64
e 91 250 142
e 91 251 143
e 91 252 144
e 91 330 22
e 91 331 23
e 91 332 24
e 91 410 102
e 91 411 103
e 91 412 104
e 91 490 182
e 91 491 183
e 91 492 184
e 92 93 186
e 92 171 64
e 92 172 65
e 92 173 66
e 92 251 144
e 92 252 145
e 92 253 146
e 92 331 24
e 92 332 25
e 92 333 26
e 92 411 104
e 92 412 105
e 92 413 106
e 92 491 184
e 92 492 185
e 92 493 186
e 93 94 188
e 93 172 66
e 93 173 67
e 93 174 68
e 93 252 146
e 93 253 147
e 93 254 148
e 93 332 26
e 93 333 27
e 93 334 28
e 93 412 106
e 93 413 107
e 93 414 108
e 93 492 186
e 93 493 187
e 93 494 188
e 94 95 190
e 94 173 68
e 94 174 69
e 94 175 70
e 94 253 148
e 94 254 149
e 94 255 150
e 94 333 28
e 94 334 29
e 94 335 30
e 94 413 108
e 94 414 109
e 94 415 110
e 94 493 188
e 94 494 189
e 94 495 190
e 95 96 192
e 95 174 70
e 95 175 71
e 95 176 72
e 95 254 150
e 95 255 151
e 95 256 152
e 95 334 30
e 95 335 31
e 95 336 32
e 95 414 110
e 95 415 111
e 95 416 112
e 95 494 190
e 95 495 191
e 95 496 192
e 96 97 194
e 96 175 72
e 96 176 73
e 96 177 74
e 96 255 152
e 96 256 153
e 96 257 154
e 96 335 32
e 96 336 33
e 96 337 34
e 96 415 112
e 96 416 113
e 96 417 114
e 96 495 192
e 96 496 193
e 96 497 194
e 97 98 196
e 97 176 74
e 97 177 75
e 97 178 76
e 97 256 154
e 97 257 155
e 97 258 156
e 97 336 34
e 97 337 35
e 97 338 36
e 97 416 114
e 97 417 115
e 97 418 116
e 97 496 194
e 97 497 195
e 97 498 196
e 98 99 198
e 98 177 76
e 98 178 77
e 98 179 78
e 98 257 156
e 98 258 157
e 98 259 158
e 98 337 36
e 98 338 37
e 98 339 38
e 98 417 116
e 98 418 117
e 98 419 118
e 98 497 196
e 98 498 197
e 98 499 198
e 99 100 200
e 99 178 78
e 99 179 79
e 99 180 80
e 99 258 158
e 99 259 159
e 99 260 160
e 99 338 38
e 99 339 39
e 99 340 40
e 99 418 118
e 99 419 119
e 99 420 120
e 99 498 198
e 99 499 199
e 99 500 200
e 100 101 2
e 100 179 80
e 100 180 81
e 100 181 82
e 100 259 160
e 100 260 161
e 100 261 162
e 100 339 40
e 100 340 41
e 100 341 42
e 100 419 120
e 100 420 121
e 100 421 122
e 100 499 200
e 100 500 1
e 101 102 4
e 101 180 82
e 101 181 83
e 101 182 84
e 101 260 162
e 101 261 163
e 101 262 164
e 101 340 42
e 101 341 43
e 101 342 44
e 101 420 122
e 101 421 123
e 101 422 124
e 101 500 2
e 102 103 6
e 102 181 84
e 102 182 85
e 102 183 86
e 102 261 164
e 102 262 165
e 102 263 166
e 102 341 44
e 102 342 45
e 102 343 46
e 102 421 124
e 102 422 125
e 102 423 126
e 103 104 8
e 103 182 86
e 103 183 87
e 103 184 88
e 103 262 166
e 103 263 167
e 103 264 168
e 103 342 46
e 103 343 47
e 103 344 48
e 103 422 126
e 103 423 127
e 103 424 128
e 104 105 10
e 104 183 88
e 104 184 89
e 104 185 90
e 104 263 168
e 104 264 169
e 104 265 170
e 104 343 48
e 104 344 49
e 104 345 50
e 104 423 128
e 104 424 129
e 104 425 130
e 105 106 12
e 105 184 90
e 105 185 91
e 105 186 92
e 105 264 170
e 105 265 171
e 105 266 172
e 105 344 50
e 105 345 51
e 105 346 52
e 105 424 130
e 105 425 131
e 105 426 132
e 106 107 14
e 106 185 92
e 106 186 93
e 106 187 94
e 106 265 172
e 106 266 173
e 106 267 174
e 106 345 52
e 106 346 53
e 106 347 54
e 106 425 132
e 106 426 133
e 106 427 134
e 107 108 16
e 107 186 94
e 107 187 95
e 107 188 96
e 107 266 174
e 107 267 175
e 107 268 176
e 107 346 54
e 107 347 55
e 107 348 56
e 107 426 134
e 107 427 135
e 107 428 136
e 108 109 18
e 108 187 96
e 108 188 97
e 108 189 98
e 108 267 176
e 108 268 177
e 108 269 178
e 108 347 56
e 108 348 57
e 108 349 58
e 108 427 136
e 108 428 137
e 108 429 138
e 109 110 20
e 109 188 98
e 109 189 99
e 109 190 100
e 109 268 178
e 109 269 179
e 109 270 180
e 109 348 58
e 109 349 59
e 109 350 60
e 109 428 138
e 109 429 139
e 109 430 140
e 110 111 22
e 110 189 100
e 110 190 101
e 110 191 102
e 110 269 180
e 110 270 181
e 110 271 182
e 110 349 60
e 110 350 61
e 110 351 62
e 110 429 140
e 110 430 141
e 110 431 142
e 111 112 24
e 111 190 102
e 111 191 103
e 111 192 104
e 111 270 182
e 111 271 183
e 111 272 184
e 111 350 62
e 111 351 63
e 111 352 64
e 111 430 142
e 111 431 143
e 111 432 144
e 112 113 26
e 112 191 104
e 112 192 105
e 112 193 106
e 112 271 184
e 112 272 185
e 112 273 186
e 112 351 64
e 112 352 65
e 112 353 66
e 112 431 144
e 112 432 145
e 112 433 146
e 113 114 28
e 113 192 106
e 113 193 107
e 113 194 108
e 113 272 186
e 113 273 187
e 113 274 188
e 113 352 66
e 113 353 67
e 113 354 68
e 113 432 146
e 113 433 147
e 113 434 148
e 114 115 30
e 114 193 108
e 114 194 109
e 114 195 110
e 114 273 188
e 114 274 189
e 114 275 190
e 114 353 68
e 114 354 69
e 114 355 70
e 114 433 148
e 114 434 149
e 114 435 150
e 115 116 32
e 115 194 110
e 115 195 111
e 115 196 112
e 115 274 190
e 115 275 191
e 115 276 192
e 115 354 70
e 115 355 71
e 115 356 72
e 115 434 150
e 115 435 151
e 115 436 152
e 116 117 34
e 116 195 112
e 116 196 113
e 116 197 114
e 116 275 192
e 116 276 193
e 116 277 194
e 116 355 72
e 116 356 73
e 116 357 74
e 116 435 152
e 116 436 153
e 116 437 154
e 117 118 36
e 117 196 114
e 117 197 115
e 117 198 116
e 117 276 194
e 117 277 195
e 117 278 196
e 117 356 74
e 117 357 75
e 117 358 76
e 117 436 154
e 117 437 155
e 117 438 156
e 118 119 38
e 118 197 116
e 118 198 117
e 118 199 118
e 118 277 196
e 118 278 197
e 118 279 198
e 118 357 76
e 118 358 77
e 118 359 78
e 118 437 156
e 118 438 157
e 118 439 158
e 119 120 40
e 119 198 118
e 119 199 119
e 119 200 120
e 119 278 198
e 119 279 199
e 119 280 200
e 119 358 78
e 119 359 79
e 119 360 80
e 119 438 158
e 119 439 159
e 119 440 160
e 120 121 42
e 120 199 120
e 120 200 121
e 120 201 122
e 120 279 200
e 120 280 1
e 120 281 2
e 120 359 80
e 120 360 81
e 120 361 82
e 120 439 160
e 120 440 161
e 120 441 162
e 121 122 44
e 121 200 122
e 121 201 123
e 121 202 124
e 121 280 2
e 121 281 3
e 121 282 4
e 121 360 82
e 121 361 83
e 121 362 84
e 121 440 162
e 121 441 163
e 121 442 164
e 122 123 46
e 122 201 124
e 122 202 125
e 122 203 126
e 122 281 4
e 122 282 5
e 122 283 6
e 122 361 84
e 122 362 85
e 122 363 86
e 122 441 164
e 122 442 165
e 122 443 166
e 123 124 48
e 123 202 126
e 123 203 127
e 123 204 128
e 123 282 6
e 123 283 7
e 123 284 8
e 123 362 86
e 123 363 87
e 123 364 88
e 123 442 166
e 123 443 167
e 123 444 168
e 124 125 50
e 124 203 128
e 124 204 129
e 124 205 130
e 124 283 8
e 124 284 9
e 124 285 10
e 124 363 88
e 124 364 89
e 124 365 90
e 124 443 168
e 124 444 169
e 124 445 170
e 125 126 52
e 125 204 130
e 125 205 131
e 125 206 132
e 125 284 10
e 125 285 11
e 125 286 12
e 125 364 90
e 125 365 91
e 125 366 92
e 125 444 170
e 125 445 171
e 125 446 172
e 126 127 54
e 126 205 132
e 126 206 133
e 126 207 134
e 126 285 12
e 126 286 13
e 126 287 14
e 126 365 92
e 126 366 93
e 126 367 94
e 126 445 172
e 126 446 173
e 126 447 174
e 127 128 56
e 127 206 134
e 127 207 135
e 127 208 136
e 127 286 14
e 127 287 15
e 127 288 16
e 127 366 94
e 127 367 95
e 127 368 96
e 127 446 174
e 127 447 175
e 127 448 176
e 128 129 58
e 128 207 136
e 128 208 137
e 128 209 138
e 128 287 16
e 128 288 17
e 128 289 18
e 128 367 96
e 128 368 97
e 128 369 98
e 128 447 176
e 128 448 177
e 128 449 178
e 129 130 60
e 129 208 138
e 129 209 139
e 129 210 140
e 129 288 18
e 129 289 19
e 129 290 20
e 129 368 98
e 129 369 99
e 129 370 100
e 129 448 178
e 129 449 179
e 129 450 180
e 130 131 62
e 130 209 140
e 130 210 141
e 130 211 142
e 130 289 20
e 130 290 21
e 130 291 22
e 130 369 100
e 130 370 101
e 130 371 102
e 130 449 180
e 130 450 181
e 130 451 182
e 131 132 64
e 131 210 142
e 131 211 143
e 131 212 144
e 131 290 22
e 131 291 23
e 131 292 24
e 131 370 102
e 131 371 103
e 131 372 104
e 131 450 182
e 131 451 183
e 131 452 184
e 132 133 66
e 132 211 144
e 132 212 145
e 132 213 146
e 132 291 24
e 132 292 25
e 132 293 26
e 132 371 104
e 132 372 105
e 132 373 106
e 132 451 184
e 132 452 185
e 132 453 186
e 133 134 68
e 133 212 146
e 133 213 147
e 133 214 148
e 133 292 26
e 133 293 27
e 133 294 28
e 133 372 106
e 133 373 107
e 133 374 108
e 133 452 186
e 133 453 187
e 133 454 188
e 134 135 70
e 134 213 148
e 134 214 149
e 134 215 150
e 134 293 28
e 134 294 29
e 134 295 30
e 134 373 108
e 134 374 109
e 134 375 110
e 134 453 188
e 134 454 189
e 134 455 190
e 135 136 72
e 135 214 150
e 135 215 151
e 135 216 152
e 135 294 30
e 135 295 31
e 135 296 32
e 135 374 110
e 135 375 111
e 135 376 112
e 135 454 190
e 135 455 191
e 135 456 192
e 136 137 74
e 136 215 152
e 136 216 153
e 136 217 154
e 136 295 32
e 136 296 33
e 136 297 34
e 136 375 112
e 136 376 113
e 136 377 114
e 136 455 192
e 136 456 193
e 136 457 194
e 137 138 76
e 137 216 154
e 137 217 155
e 137 218 156
e 137 296 34
e 137 297 35
e 137 298 36
e 137 376 114
e 137 377 115
e 137 378 116
e 137 456 194
e 137 457 195
e 137 458 196
e 138 139 78
e 138 217 156
e 138 218 157
e 138 219 158
e 138 297 36
e 138 298 37
e 138 299 38
e 138 377 116
e 138 378 117
e 138 379 118
e 138 457 196
e 138 458 197
e 138 459 198
e 139 140 80
e 139 218 158
e 139 219 159
e 139 220 160
e 139 298 38
e 139 299 39
e 139 300 40
e 139 378 118
e 139 379 119
e 139 380 120
e 139 458 198
e 139 459 199
e 139 460 200
e 140 141 82
e 140 219 160
e 140 220 161
e 140 221 162
e 140 299 40
e 140 300 41
e 140 301 42
e 140 379 120
e 140 380 121
e 140 381 122
e 140 459 200
e 140 460 1
e 140 461 2
e 141 142 84
e 141 220 162
e 141 221 163
e 141 222 164
e 141 300 42
e 141 301 43
e 141 302 44
e 141 380 122
e 141 381 123
e 141 382 124
e 141 460 2
e 141 461 3
e 141 462 4
e 142 143 86
e 142 221 164
e 142 222 165
e 142 223 166
e 142 301 44
e 142 302 45
e 142 303 46
e 142 381 124
e 142 382 125
e 142 383 126
e 142 461 4
e 142 462 5
e 142 463 6
e 143 144 88
e 143 222 166
e 143 223 167
e 143 224 168
e 143 302 46
e 143 303 47
e 143 304 48
e 143 382 126
e 143 383 127
e 143 384 128
e 143 462 6
e 143 463 7
e 143 464 8
e 144 145 90
e 144 223 168
e 144 224 169
e 144 225 170
e 144 303 48
e 144 304 49
e 144 305 50
e 144 383 128
e 144 384 129
e 144 385 130
e 144 463 8
e 144 464 9
e 144 465 10
e 145 146 92
e 145 224 170
e 145 225 171
e 145 226 172
e 145 304 50
e 145 305 51
e 145 306 52
e 145 384 130
e 145 385 131
e 145 386 132
e 145 464 10
e 145 465 11
e 145 466 12
e 146 147 94
e 146 225 172
e 146 226 173
e 146 227 174
e 146 305 52
e 146 306 53
e 146 307 54
e 146 385 132
e 146 386 133
e 146 387 134
e 146 465 12
e 146 466 13
e 146 467 14
e 147 148 96
e 147 226 174
e 147 227 175
e 147 228 176
e 147 306 54
e 147 307 55
e 147 308 56
e 147 386 134
e 147 387 135
e 147 388 136
e 147 466 14
e 147 467 15
e 147 468 16
e 148 149 98
e 148 227 176
e 148 228 177
e 148 229 178
e 148 307 56
e 148 308 57
e 148 309 58
e 148 387 136
e 148 388 137
e 148 389 138
e 148 467 16
e 148 468 17
e 148 469 18
e 149 150 100
e 149 228 178
e 149 229 179
e 149 230 180
e 149 308 58
e 149 309 59
e 149 310 60
e 149 388 138
e 149 389 139
e 149 390 140
e 149 468 18
e 149 469 19
e 149 470 20
e 150 151 102
e 150 229 180
e 150 230 181
e 150 231 182
e 150 309 60
e 150 310 61
e 150 311 62
e 150 389 140
e 150 390 141
e 150 391 142
e 150 469 20
e 150 470 21
e 150 471 22
e 151 152 104
e 151 230 182
e 151 231 183
e 151 232 184
e 151 310 62
e 151 311 63
e 151 312 64
e 151 390 142
e 151 391 143
e 151 392 144
e 151 470 22
e 151 471 23
e 151 472 24
e 152 153 106
e 152 231 184
e 152 232 185
e 152 233 186
e 152 311 64
e 152 312 65
e 152 313 66
e 152 391 144
e 152 392 145
e 152 393 146
e 152 471 24
e 152 472 25
e 152 473 26
e 153 154 108
e 153 232 186
e 153 233 187
e 153 234 188
e 153 312 66
e 153 313 67
e 153 314 68
e 153 392 146
e 153 393 147
e 153 394 148
e 153 472 26
e 153 473 27
e 153 474 28
e 154 155 110
e 154 233 188
e 154 234 189
e 154 235 190
e 154 313 68
e 154 314 69
e 154 315 70
e 154 393 148
e 154 394 149
e 154 395 150
e 154 473 28
e 154 474 29
e 154 475 30
e 155 156 112
e 155 234 190
e 155 235 191
e 155 236 192
e 155 314 70
e 155 315 71
e 155 316 72
e 155 394 150
e 155 395 151
e 155 396 152
e 155 474 30
e 155 475 31
e 155 476 32
e 156 157 114
e 156 235 192
e 156 236 193
e 156 237 194
e 156 315 72
e 156 316 73
e 156 317 74
e 156 395 152
e 156 396 153
e 156 397 154
e 156 475 32
e 156 476 33
e 156 477 34
e 157 158 116
e 157 236 194
e 157 237 195
e 157 238 196
e 157 316 74
e 157 317 75
e 157 318 76
e 157 396 154
e 157 397 155
e 157 398 156
e 157 476 34
e 157 477 35
e 157 478 36
e 158 159 118
e 158 237 196
e 158 238 197
e 158 239 198
e 158 317 76
e 158 318 77
e 158 319 78
e 158 397 156
e 158 398 157
e 158 399 158
e 158 477 36
e 158 478 37
e 158 479 38
e 159 160 120
e 159 238 198
e 159 239 199
e 159 240 200
e 159 318 78
e 159 319 79
e 159 320 80
e 159 398 158
e 159 399 159
e 159 400 160
e 159 478 38
e 159 479 39
e 159 480 40
e 160 161 122
e 160 239 200
e 160 240 1
e 160 241 2
e 160 319 80
e 160 320 81
e 160 321 82
e 160 399 160
e 160 400 161
e 160 401 162
e 160 479 40
e 160 480 41
e 160 481 42
e 161 162 124
e 161 240 2
e 161 241 3
e 161 242 4
e 161 320 82
e 161 321 83
e 161 322 84
e 161 400 162
e 161 401 163
e 161 402 164
e 161 480 42
e 161 481 43
e 161 482 44
e 162 163 126
e 162 241 4
e 162 242 5
e 162 243 6
e 162 321 84
e 162 322 85
e 162 323 86
e 162 401 164
e 162 402 165
e 162 403 166
e 162 481 44
e 162 482 45
e 162 483 46
e 163 164 128
e 163 242 6
e 163 243 7
e 163 244 8
e 163 322 86
e 163 323 87
e 163 324 88
e 163 402 166
e 163 403 167
e 163 404 168
e 163 482 46
e 163 483 47
e 163 484 48
e 164 165 130
e 164 243 8
e 164 244 9
e 164 245 10
e 164 323 88
e 164 324 89
e 164 325 90
e 164 403 168
e 164 404 169
e 164 405 170
e 164 483 48
e 164 484 49
e 164 485 50
e 165 166 132
e 165 244 10
e 165 245 11
e 165 246 12
e 165 324 90
e 165 325 91
e 165 326 92
e 165 404 170
e 165 405 171
e 165 406 172
e 165 484 50
e 165 485 51
e 165 486 52
e 166 167 134
e 166 245 12
e 166 246 13
e 166 247 14
e 166 325 92
e 166 326 93
e 166 327 94
e 166 405 172
e 166 406 173
e 166 407 174
e 166 485 52
e 166 486 53
e 166 487 54
e 167 168 136
e 167 246 14
e 167 247 15
e 167 248 16
e 167 326 94
e 167 327 95
e 167 328 96
e 167 406 174
e 167 407 175
e 167 408 176
e 167 486 54
e 167 487 55
e 167 488 56
e 168 169 138
e 168 247 16
e 168 248 17
e 168 249 18
e 168 327 96
e 168 328 97
e 168 329 98
e 168 407 176
e 168 408 177
e 168 409 178
e 168 487 56
e 168 488 57
e 168 489 58
e 169 170 140
e 169 248 18
e 169 249 19
e 169 250 20
e 169 328 98
e 169 329 99
e 169 330 100
e 169 408 178
e 169 409 179
e 169 410 180
e 169 488 58
e 169 489 59
e 169 490 60
e 170 171 142
e 170 249 20
e 170 250 21
e 170 251 22
e 170 329 100
e 170 330 101
e 170 331 102
e 170 409 180
e 170 410 181
e 170 411 182
e 170 489 60
e 170 490 61
e 170 491 62
e 171 172 144
e 171 250 22
e 171 251 23
e 171 252 24
e 171 330 102
e 171 331 103
e 171 332 104
e 171 410 182
e 171 411 183
e 171 412 184
e 171 490 62
e 171 491 63
e 171 492 64
e 172 173 146
e 172 251 24
e 172 252 25
e 172 253 26
e 172 331 104
e 172 332 105
e 172 333 106
e 172 411 184
e 172 412 185
e 172 413 186
e 172 491 64
e 172 492 65
e 172 493 66
e 173 174 148
e 173 252 26
e 173 253 27
e 173 254 28
e 173 332 106
e 173 333 107
e 173 334 108
e 173 412 186
e 173 413 187
e 173 414 188
e 173 492 66
e 173 493 67
e 173 494 68
e 174 175 150
e 174 253 28
e 174 254 29
e 174 255 30
e 174 333 108
e 174 334 109
e 174 335 110
e 174 413 188
e 174 414 189
e 174 415 190
e 174 493 68
e 174 494 69
e 174 495 70
e 175 176 152
e 175 254 30
e 175 255 31
e 175 256 32
e 175 334 110
e 175 335 111
e 175 336 112
e 175 414 190
e 175 415 191
e 175 416 192
e 175 494 70
e 175 495 71
e 175 496 72
e 176 177 154
e 176 255 32
e 176 256 33
e 176 257 34
e 176 335 112
e 176 336 113
e 176 337 114
e 176 415 192
e 176 416 193
e 176 417 194
e 176 495 72
e 176 496 73
e 176 497 74
e 177 178 156
e 177 256 34
e 177 257 35
e 177 258 36
e 177 336 114
e 177 337 115
e 177 338 116
e 177 416 194
e 177 417 195
e 177 418 196
e 177 496 74
e 177 497 75
e 177 498 76
e 178 179 158
e 178 257 36
e 178 258 37
e 178 259 38
e 178 337 116
e 178 338 117
e 178 339 118
e 178 417 196
e 178 418 197
e 178 419 198
e 178 497 76
e 178 498 77
e 178 499 78
e 179 180 160
e 179 258 38
e 179 259 39
e 179 260 40
e 179 338 118
e 179 339 119
e 179 340 120
e 179 418 198
e 179 419 199
e 179 420 200
e 179 498 78
e 179 499 79
e 179 500 80
e 180 181 162
e 180 259 40
e 180 260 41
e 180 261 42
e 180 339 120
e 180 340 121
e 180 341 122
e 180 419 200
e 180 420 1
e 180 421 2
e 180 499 80
e 180 500 81
e 181 182 164
e 181 260 42
e 181 261 43
e 181 262 44
e 181 340 122
e 181 341 123
e 181 342 124
e 181 420 2
e 181 421 3
e 181 422 4
e 181 500 82
e 182 183 166
e 182 261 44
e 182 262 45
e 182 263 46
e 182 341 124
e 182 342 125
e 182 343 126
e 182 421 4
e 182 422 5
e 182 423 6
e 183 184 168
e 183 262 46
e 183 263 47
e 183 264 48
e 183 342 126
e 183 343 127
e 183 344 128
e 183 422 6
e 183 423 7
e 183 424 8
e 184 185 170
e 184 263 48
e 184 264 49
e 184 265 50
e 184 343 128
e 184 344 129
e 184 345 130
e 184 423 8
e 184 424 9
e 184 425 10
e 185 186 172
e 185 264 50
e 185 265 51
e 185 266 52
e 185 344 130
e 185 345 131
e 185 346 132
e 185 424 10
e 185 425 11
e 185 426 12
e 186 187 174
e 186 265 52
e 186 266 53
e 186 267 54
e 186 345 132
e 186 346 133
e 186 347 134
e 186 425 12
e 186 426 13
e 186 427 14
e 187 188 176
e 187 266 54
e 187 267 55
e 187 268 56
e 187 346 134
e 187 347 135
e 187 348 136
e 187 426 14
e 187 427 15
e 187 428 16
e 188 189 178
e 188 267 56
e 188 268 57
e 188 269 58
e 188 347 136
e 188 348 137
e 188 349 138
e 188 427 16
e 188 428 17
e 188 429 18
e 189 190 180
e 189 268 58
e 189 269 59
e 189 270 60
e 189 348 138
e 189 349 139
e 189 350 140
e 189 428 18
e 189 429 19
e 189 430 20
e 190 191 182
e 190 269 60
e 190 270 61
e 190 271 62
e 190 349 140
e 190 350 141
e 190 351 142
e 190 429 20
e 190 430 21
e 190 431 22
e 191 192 184
e 191 270 62
e 191 271 63
e 191 272 64
e 191 350 142
e 191 351 143
e 191 352 144
e 191 430 22
e 191 431 23
e 191 432 24
e 192 193 186
e 192 271 64
e 192 272 65
e 192 273 66
e 192 351 144
e 192 352 145
e 192 353 146
e 192 431 24
e 192 432 25
e 192 433 26
e 193 194 188
e 193 272 66
e 193 273 67
e 193 274 68
e 193 352 146
e 193 353 147
e 193 354 148
e 193 432 26
e 193 433 27
e 193 434 28
e 194 195 190
e 194 273 68
e 194 274 69
e 194 275 70
e 194 353 148
e 194 354 149
e 194 355 150
e 194 433 28
e 194 434 29
e 194 435 30
e 195 196 192
e 195 274 70
e 195 275 71
e 195 276 72
e 195 354 150
e 195 355 151
e 195 356 152
e 195 434 30
e 195 435 31
e 195 436 32
e 196 197 194
e 196 275 72
e 196 276 73
e 196 277 74
e 196 355 152
e 196 356 153
e 196 357 154
e 196 435 32
e 196 436 33
e 196 437 34
e 197 198 196
e 197 276 74
e 197 277 75
e 197 278 76
e 197 356 154
e 197 357 155
e 197 358 156
e 197 436 34
e 197 437 35
e 197 438 36
e 198 199 198
e 198 277 76
e 198 278 77
e 198 279 78
e 198 357 156
e 198 358 157
e 198 359 158
e 198 437 36
e 198 438 37
e 198 439 38
e 199 200 200
e 199 278 78
e 199 279 79
e 199 280 80
e 199 358 158
e 199 359 159
e 199 360 160
e 199 438 38
e 199 439 39
e 199 440 40
e 200 201 2
e 200 279 80
e 200 280 81
e 200 281 82
e 200 359 160
e 200 360 161
e 200 361 162
e 200 439 40
e 200 440 41
e 200 441 42
e 201 202 4
e 201 280 82
e 201 281 83
e 201 282 84
e 201 360 162
e 201 361 163
e 201 362 164
e 201 440 42
e 201 441 43
e 201 442 44
e 202 203 6
e 202 281 84
e 202 282 85
e 202 283 86
e 202 361 164
e 202 362 165
e 202 363 166
e 202 441 44
e 202 442 45
e 202 443 46
e 203 204 8
e 203 282 86
e 203 283 87
e 203 284 88
e 203 362 166
e 203 363 167
e 203 364 168
e 203 442 46
e 203 443 47
e 203 444 48
e 204 205 10
e 204 283 88
e 204 284 89
e 204 285 90
e 204 363 168
e 204 364 169
e 204 365 170
e 204 443 48
e 204 444 49
e 204 445 50
e 205 206 12
e 205 284 90
e 205 285 91
e 205 286 92
e 205 364 170
e 205 365 171
e 205 366 172
e 205 444 50
e 205 445 51
e 205 446 52
e 206 207 14
e 206 285 92
e 206 286 93
e 206 287 94
e 206 365 172
e 206 366 173
e 206 367 174
e 206 445 52
e 206 446 53
e 206 447 54
e 207 208 16
e 207 286 94
e 207 287 95
e 207 288 96
e 207 366 174
e 207 367 175
e 207 368 176
e 207 446 54
e 207 447 55
e 207 448 56
e 208 209 18
e 208 287 96
e 208 288 97
e 208 289 98
e 208 367 176
e 208 368 177
e 208 369 178
e 208 447 56
e 208 448 57
e 208 449 58
e 209 210 20
e 209 288 98
e 209 289 99
e 209 290 100
e 209 368 178
e 209 369 179
e 209 370 180
e 209 448 58
e 209 449 59
e 209 450 60
e 210 211 22
e 210 289 100
e 210 290 101
e 210 291 102
e 210 369 180
e 210 370 181
e 210 371 182
e 210 449 60
e 210 450 61
e 210 451 62
e 211 212 24
e 211 290 102
e 211 291 103
e 211 292 104
e 211 370 182
e 211 371 183
e 211 372 184
e 211 450 62
e 211 451 63
e 211 452 64
e 212 213 26
e 212 291 104
e 212 292 105
e 212 293 106
e 212 371 184
e 212 372 185
e 212 373 186
e 212 451 64
e 212 452 65
e 212 453 66
e 213 214 28
e 213 292 106
e 213 293 107
e 213 294 108
e 213 372 186
e 213 373 187
e 213 374 188
e 213 452 66
e 213 453 67
e 213 454 68
e 214 215 30
e 214 293 108
e 214 294 109
e 214 295 110
e 214 373 188
e 214 374 189
e 214 375 190
e 214 453 68
e 214 454 69
e 214 455 70
e 215 216 32
e 215 294 110
e 215 295 111
e 215 296 112
e 215 374 190
e 215 375 191
e 215 376 192
e 215 454 70
e 215 455 71
e 215 456 72
e 216 217 34
e 216 295 112
e 216 296 113
e 216 297 114
e 216 375 192
e 216 376 193
e 216 377 194
e 216 455 72
e 216 456 73
e 216 457 74
e 217 218 36
e 217 296 114
e 217 297 115
e 217 298 116
e 217 376 194
e 217 377 195
e 217 378 196
e 217 456 74
e 217 457 75
e 217 458 76
e 218 219 38
e 218 297 116
e 218 298 117
e 218 299 118
e 218 377 196
e 218 378 197
e 218 379 198
e 218 457 76
e 218 458 77
e 218 459 78
e 219 220 40
e 219 298 118
e 219 299 119
e 219 300 120
e 219 378 198
e 219 379 199
e 219 380 200
e 219 458 78
e 219 459 79
e 219 460 80
e 220 221 42
e 220 299 120
e 220 300 121
e 220 301 122
e 220 379 200
e 220 380 1
e 220 381 2
e 220 459 80
e 220 460 81
e 220 461 82
e 221 222 44
e 221 300 122
e 221 301 123
e 221 302 124
e 221 380 2
e 221 381 3
e 221 382 4
e 221 460 82
e 221 461 83
e 221 462 84
e 222 223 46
e 222 301 124
e 222 302 125
e 222 303 126
e 222 381 4
e 222 382 5
e 222 383 6
e 222 461 84
e 222 462 85
e 222 463 86
e 223 224 48
e 223 302 126
e 223 303 127
e 223 304 128
e 223 382 6
e 223 383 7
e 223 384 8
e 223 462 86
e 223 463 87
e 223 464 88
e 224 225 50
e 224 303 128
e 224 304 129
e 224 305 130
e 224 383 8
e 224 384 9
e 224 385 10
e 224 463 88
e 224 464 89
e 224 465 90
e 225 226 52
e 225 304 130
e 225 305 131
e 225 306 132
e 225 384 10
e 225 385 11
e 225 386 12
e 225 464 90
e 225 465 91
e 225 466 92
e 226 227 54
e 226 305 132
e 226 306 133
e 226 307 134
e 226 385 12
e 226 386 13
e 226 387 14
e 226 465 92
e 226 466 93
e 226 467 94
e 227 228 56
e 227 306 134
e 227 307 135
e 227 308 136
e 227 386 14
e 227 387 15
e 227 388 16
e 227 466 94
e 227 467 95
e 227 468 96
e 228 229 58
e 228 307 136
e 228 308 137
e 228 309 138
e 228 387 16
e 228 388 17
e 228 389 18
e 228 467 96
e 228 468 97
e 228 469 98
e 229 230 60
e 229 308 138
e 229 309 139
e 229 310 140
e 229 388 18
e 229 389 19
e 229 390 20
e 229 468 98
e 229 469 99
e 229 470 100
e 230 231 62
e 230 309 140
e 230 310 141
e 230 311 142
e 230 389 20
e 230 390 21
e 230 391 22
e 230 469 100
e 230 470 101
e 230 471 102
e 231 232 64
e 231 310 142
e 231 311 143
e 231 312 144
e 231 390 22
e 231 391 23
e 231 392 24
e 231 470 102
e 231 471 103
e 231 472 104
e 232 233 66
e 232 311 144
e 232 312 145
e 232 313 146
e 232 391 24
e 232 392 25
e 232 393 26
e 232 471 104
e 232 472 105
e 232 473 106
e 233 234 68
e 233 312 146
e 233 313 147
e 233 314 148
e 233 392 26
e 233 393 27
e 233 394 28
e 233 472 106
e 233 473 107
e 233 474 108
e 234 235 70
e 234 313 148
e 234 314 149
e 234 315 150
e 234 393 28
e 234 394 29
e 234 395 30
e 234 473 108
e 234 474 109
e 234 475 110
e 235 236 72
e 235 314 150
e 235 315 151
e 235 316 152
e 235 394 30
e 235 395 31
e 235 396 32
e 235 474 110
e 235 475 111
e 235 476 112
e 236 237 74
e 236 315 152
e 236 316 153
e 236 317 154
e 236 395 32
e 236 396 33
e 236 397 34
e 236 475 112
e 236 476 113
e 236 477 114
e 237 238 76
e 237 316 154
e 237 317 155
e 237 318 156
e 237 396 34
e 237 397 35
e 237 398 36
e 237 476 114
e 237 477 115
e 237 478 116
e 238 239 78
e 238 317 156
e 238 318 157
e 238 319 158
e 238 397 36
e 238 398 37
e 238 399 38
e 238 477 116
e 238 478 117
e 238 479 118
e 239 240 80
e 239 318 158
e 239 319 159
e 239 320 160
e 239 398 38
e 239 399 39
e 239 400 40
e 239 478 118
e 239 479 119
e 239 480 120
e 240 241 82
e 240 319 160
e 240 320 161
e 240 321 162
e 240 399 40
e 240 400 41
e 240 401 42
e 240 479 120
e 240 480 121
e 240 481 122
e 241 242 84
e 241 320 162
e 241 321 163
e 241 322 164
e 241 400 42
e 241 401 43
e 241 402 44
e 241 480 122
e 241 481 123
e 241 482 124
e 242 243 86
e 242 321 164
e 242 322 165
e 242 323 166
e 242 401 44
e 242 402 45
e 242 403 46
e 242 481 124
e 242 482 125
e 242 483 126
e 243 244 88
e 243 322 166
e 243 323 167
e 243 324 168
e 243 402 46
e 243 403 47
e 243 404 48
e 243 482 126
e 243 483 127
e 243 484 128
e 244 245 90
e 244 323 168
e 244 324 169
e 244 325 170
e 244 403 48
e 244 404 49
e 244 405 50
e 244 483 128
e 244 484 129
e 244 485 130
e 245 246 92
e 245 324 170
e 245 325 171
e 245 326 172
e 245 404 50
e 245 405 51
e 245 406 52
e 245 484 130
e 245 485 131
e 245 486 132
e 246 247 94
e 246 325 172
e 246 326 173
e 246 327 174
e 246 405 52
e 246 406 53
e 246 407 54
e 246 485 132
e 246 486 133
e 246 487 134
e 247 248 96
e 247 326 174
e 247 327 175
e 247 328 176
e 247 406 54
e 247 407 55
e 247 408 56
e 247 486 134
e 247 487 135
e 247 488 136
e 248 249 98
e 248 327 176
e 248 328 177
e 248 329 178
e 248 407 56
e 248 408 57
e 248 409 58
e 248 487 136
e 248 488 137
e 248 489 138
e 249 250 100
e 249 328 178
e 249 329 179
e 249 330 180
e 249 408 58
e 249 409 59
e 249 410 60
e 249 488 138
e 249 489 139
e 249 490 140
e 250 251 102
e 250 329 180
e 250 330 181
e 250 331 182
e 250 409 60
e 250 410 61
e 250 411 62
e 250 489 140
e 250 490 141
e 250 491 142
e 251 252 104
e 251 330 182
e 251 331 183
e 251 332 184
e 251 410 62
e 251 411 63
e 251 412 64
e 251 490 142
e 251 491 143
e 251 492 144
e 252 253 106
e 252 331 184
e 252 332 185
e 252 333 186
e 252 411 64
e 252 412 65
e 252 413 66
e 252 491 144
e 252 492 145
e 252 493 146
e 253 254 108
e 253 332 186
e 253 333 187
e 253 334 188
e 253 412 66
e 253 413 67
e 253 414 68
e 253 492 146
e 253 493 147
e 253 494 148
e 254 255 110
e 254 333 188
e 254 334 189
e 254 335 190
e 254 413 68
e 254 414 69
e 254 415 70
e 254 493 148
e 254 494 149
e 254 495 150
e 255 256 112
e 255 334 190
e 255 335 191
e 255 336 192
e 255 414 70
e 255 415 71
e 255 416 72
e 255 494 150
e 255 495 151
e 255 496 152
e 256 257 114
e 256 335 192
e 256 336 193
e 256 337 194
e 256 415 72
e 256 416 73
e 256 417 74
e 256 495 152
e 256 496 153
e 256 497 154
e 257 258 116
e 257 336 194
e 257 337 195
e 257 338 196
e 257 416 74
e 257 417 75
e 257 418 76
e 257 496 154
e 257 497 155
e 257 498 156
e 258 259 118
e 258 337 196
e 258 338 197
e 258 339 198
e 258 417 76
e 258 418 77
e 258 419 78
e 258 497 156
e 258 498 157
e 258 499 158
e 259 260 120
e 259 338 198
e 259 339 199
e 259 340 200
e 259 418 78
e 259 419 79
e 259 420 80
e 259 498 158
e 259 499 159
e 259 500 160
e 260 261 122
e 260 339 200
e 260 340 1
e 260 341 2
e 260 419 80
e 260 420 81
e 260 421 82
e 260 499 160
e 260 500 161
e 261 262 124
e 261 340 2
e 261 341 3
e 261 342 4
e 261 420 82
e 261 421 83
e 261 422 84
e 261 500 162
e 262 263 126
e 262 341 4
e 262 342 5
e 262 343 6
e 262 421 84
e 262 422 85
e 262 423 86
e 263 264 128
e 263 342 6
e 263 343 7
e 263 344 8
e 263 422 86
e 263 423 87
e 263 424 88
e 264 265 130
e 264 343 8
e 264 344 9
e 264 345 10
e 264 423 88
e 264 424 89
e 264 425 90
e 265 266 132
e 265 344 10
e 265 345 11
e 265 346 12
e 265 424 90
e 265 425 91
e 265 426 92
e 266 267 134
e 266 345 12
e 266 346 13
e 266 347 14
e 266 425 92
e 266 426 93
e 266 427 94
e 267 268 136
e 267 346 14
e 267 347 15
e 267 348 16
e 267 426 94
e 267 427 95
e 267 428 96
e 268 269 138
e 268 347 16
e 268 348 17
e 268 349 18
e 268 427 96
e 268 428 97
e 268 429 98
e 269 270 140
e 269 348 18
e 269 349 19
e 269 350 20
e 269 428 98
e 269 429 99
e 269 430 100
e 270 271 142
e 270 349 20
e 270 350 21
e 270 351 22
e 270 429 100
e 270 430 101
e 270 431 102
e 271 272 144
e 271 350 22
e 271 351 23
e 271 352 24
e 271 430 102
e 271 431 103
e 271 432 104
e 272 273 146
e 272 351 24
e 272 352 25
e 272 353 26
e 272 431 104
e 272 432 105
e 272 433 106
e 273 274 148
e 273 352 26
e 273 353 27
e 273 354 28
e 273 432 106
e 273 433 107
e 273 434 108
e 274 275 150
e 274 353 28
e 274 354 29
e 274 355 30
e 274 433 108
e 274 434 109
e 274 435 110
e 275 276 152
e 275 354 30
e 275 355 31
e 275 356 32
e 275 434 110
e 275 435 111
e 275 436 112
e 276 277 154
e 276 355 32
e 276 356 33
e 276 357 34
e 276 435 112
e 276 436 113
e 276 437 114
e 277 278 156
e 277 356 34
e 277 357 35
e 277 358 36
e 277 436 114
e 277 437 115
e 277 438 116
e 278 279 158
e 278 357 36
e 278 358 37
e 278 359 38
e 278 437 116
e 278 438 117
e 278 439 118
e 279 280 160
e 279 358 38
e 279 359 39
e 279 360 40
e 279 438 118
e 279 439 119
e 279 440 120
e 280 281 162
e 280 359 40
e 280 360 41
e 280 361 42
e 280 439 120
e 280 440 121
e 280 441 122
e 281 282 164
e 281 360 42
e 281 361 43
e 281 362 44
e 281 440 122
e 281 441 123
e 281 442 124
e 282 283 166
e 282 361 44
e 282 362 45
e 282 363 46
e 282 441 124
e 282 442 125
e 282 443 126
e 283 284 168
e 283 362 46
e 283 363 47
e 283 364 48
e 283 442 126
e 283 443 127
e 283 444 128
e 284 285 170
e 284 363 48
e 284 364 49
e 284 365 50
e 284 443 128
e 284 444 129
e 284 445 130
e 285 286 172
e 285 364 50
e 285 365 51
e 285 366 52
e 285 444 130
e 285 445 131
e 285 446 132
e 286 287 174
e 286 365 52
e 286 366 53
e 286 367 54
e 286 445 132
e 286 446 133
e 286 447 134
e 287 288 176
e 287 366 54
e 287 367 55
e 287 368 56
e 287 446 134
e 287 447 135
e 287 448 136
e 288 289 178
e 288 367 56
e 288 368 57
e 288 369 58
e 288 447 136
e 288 448 137
e 288 449 138
e 289 290 180
e 289 368 58
e 289 369 59
e 289 370 60
e 289 448 138
e 289 449 139
e 289 450 140
e 290 291 182
e 290 369 60
e 290 370 61
e 290 371 62
e 290 449 140
e 290 450 141
e 290 451 142
e 291 292 184
e 291 370 62
e 291 371 63
e 291 372 64
e 291 450 142
e 291 451 143
e 291 452 144
e 292 293 186
e 292 371 64
e 292 372 65
e 292 373 66
e 292 451 144
e 292 452 145
e 292 453 146
e 293 294 188
e 293 372 66
e 293 373 67
e 293 374 68
e 293 452 146
e 293 453 147
e 293 454 148
e 294 295 190
e 294 373 68
e 294 374 69
e 294 375 70
e 294 453 148
e 294 454 149
e 294 455 150
e 295 296 192
e 295 374 70
e 295 375 71
e 295 376 72
e 295 454 150
e 295 455 151
e 295 456 152
e 296 297 194
e 296 375 72
e 296 376 73
e 296 377 74
e 296 455 152
e 296 456 153
e 296 457 154
e 297 298 196
e 297 376 74
e 297 377 75
e 297 378 76
e 297 456 154
e 297 457 155
e 297 458 156
e 298 299 198
e 298 377 76
e 298 378 77
e 298 379 78
e 298 457 156
e 298 458 157
e 298 459 158
e 299 300 200
e 299 378 78
e 299 379 79
e 299 380 80
e 299 458 158
e 299 459 159
e 299 460 160
e 300 301 2
e 300 379 80
e 300 380 81
e 300 381 82
e 300 459 160
e 300 460 161
e 300 461 162
e 301 302 4
e 301 380 82
e 301 381 83
e 301 382 84
e 301 460 162
e 301 461 163
e 301 462 164
e 302 303 6
e 302 381 84
e 302 382 85
e 302 383 86
e 302 461 164
e 302 462 165
e 302 463 166
e 303 304 8
e 303 382 86
e 303 383 87
e 303 384 88
e 303 462 166
e 303 463 167
e 303 464 168
e 304 305 10
e 304 383 88
e 304 384 89
e 304 385 90
e 304 463 168
e 304 464 169
e 304 465 170
e 305 306 12
e 305 384 90
e 305 385 91
e 305 386 92
e 305 464 170
e 305 465 171
e 305 466 172
e 306 307 14
e 306 385 92
e 306 386 93
e 306 387 94
e 306 465 172
e 306 466 173
e 306 467 174
e 307 308 16
e 307 386 94
e 307 387 95
e 307 388 96
e 307 466 174
e 307 467 175
e 307 468 176
e 308 309 18
e 308 387 96
e 308 388 97
e 308 389 98
e 308 467 176
e 308 468 177
e 308 469 178
e 309 310 20
e 309 388 98
e 309 389 99
e 309 390 100
e 309 468 178
e 309 469 179
e 309 470 180
e 310 311 22
e 310 389 100
e 310 390 101
e 310 391 102
e 310 469 180
e 310 470 181
e 310 471 182
e 311 312 24
e 311 390 102
e 311 391 103
e 311 392 104
e 311 470 182
e 311 471 183
e 311 472 184
e 312 313 26
e 312 391 104
e 312 392 105
e 312 393 106
e 312 471 184
e 312 472 185
e 312 473 186
e 313 314 28
e 313 392 106
e 313 393 107
e 313 394 108
e 313 472 186
e 313 473 187
e 313 474 188
e 314 315 30
e 314 393 108
e 314 394 109
e 314 395 110
e 314 473 188
e 314 474 189
e 314 475 190
e 315 316 32
e 315 394 110
e 315 395 111
e 315 396 112
e 315 474 190
e 315 475 191
e 315 476 192
e 316 317 34
e 316 395 112
e 316 396 113
e 316 397 114
e 316 475 192
e 316 476 193
e 316 477 194
e 317 318 36
e 317 396 114
e 317 397 115
e 317 398 116
e 317 476 194
e 317 477 195
e 317 478 196
e 318 319 38
e 318 397 116
e 318 398 117
e 318 399 118
e 318 477 196
e 318 478 197
e 318 479 198
e 319 320 40
e 319 398 118
e 319 399 119
e 319 400 120
e 319 478 198
e 319 479 199
e 319 480 200
e 320 321 42
e 320 399 120
e 320 400 121
e 320 401 122
e 320 479 200
e 320 480 1
e 320 481 2
e 321 322 44
e 321 400 122
e 321 401 123
e 321 402 124
e 321 480 2
e 321 481 3
e 321 482 4
e 322 323 46
e 322 401 124
e 322 402 125
e 322 403 126
e 322 481 4
e 322 482 5
e 322 483 6
e 323 324 48
e 323 402 126
e 323 403 127
e 323 404 128
e 323 482 6
e 323 483 7
e 323 484 8
e 324 325 50
e 324 403 128
e 324 404 129
e 324 405 130
e 324 483 8
e 324 484 9
e 324 485 10
e 325 326 52
e 325 404 130
e 325 405 131
e 325 406 132
e 325 484 10
e 325 485 11
e 325 486 12
e 326 327 54
e 326 405 132
e 326 406 133
e 326 407 134
e 326 485 12
e 326 486 13
e 326 487 14
e 327 328 56
e 327 406 134
e 327 407 135
e 327 408 136
e 327 486 14
e 327 487 15
e 327 488 16
e 328 329 58
e 328 407 136
e 328 408 137
e 328 409 138
e 328 487 16
e 328 488 17
e 328 489 18
e 329 330 60
e 329 408 138
e 329 409 139
e 329 410 140
e 329 488 18
e 329 489 19
e 329 490 20
e 330 331 62
e 330 409 140
e 330 410 141
e 330 411 142
e 330 489 20
e 330 490 21
e 330 491 22
e 331 332 64
e 331 410 142
e 331 411 143
e 331 412 144
e 331 490 22
e 331 491 23
e 331 492 24
e 332 333 66
e 332 411 144
e 332 412 145
e 332 413 146
e 332 491 24
e 332 492 25
e 332 493 26
e 333 334 68
e 333 412 146
e 333 413 147
e 333 414 148
e 333 492 26
e 333 493 27
e 333 494 28
e 334 335 70
e 334 413 148
e 334 414 149
e 334 415 150
e 334 493 28
e 334 494 29
e 334 495 30
e 335 336 72
e 335 414 150
e 335 415 151
e 335 416 152
e 335 494 30
e 335 495 31
e 335 496 32
e 336 337 74
e 336 415 152
e 336 416 153
e 336 417 154
e 336 495 32
e 336 496 33
e 336 497 34
e 337 338 76
e 337 416 154
e 337 417 155
e 337 418 156
e 337 496 34
e 337 497 35
e 337 498 36
e 338 339 78
e 338 417 156
e 338 418 157
e 338 419 158
e 338 497 36
e 338 498 37
e 338 499 38
e 339 340 80
e 339 418 158
e 339 419 159
e 339 420 160
e 339 498 38
e 339 499 39
e 339 500 40
e 340 341 82
e 340 419 160
e 340 420 161
e 340 421 162
e 340 499 40
e 340 500 41
e 341 342 84
e 341 420 162
e 341 421 163
e 341 422 164
e 341 500 42
e 342 343 86
e 342 421 164
e 342 422 165
e 342 423 166
e 343 344 88
e 343 422 166
e 343 423 167
e 343 424 168
e 344 345 90
e 344 423 168
e 344 424 169
e 344 425 170
e 345 346 92
e 345 424 170
e 345 425 171
e 345 426 172
e 346 347 94
e 346 425 172
e 346 426 173
e 346 427 174
e 347 348 96
e 347 426 174
e 347 427 175
e 347 428 176
e 348 349 98
e 348 427 176
e 348 428 177
e 348 429 178
e 349 350 100
e 349 428 178
e 349 429 179
e 349 430 180
e 350 351 102
e 350 429 180
e 350 430 181
e 350 431 182
e 351 352 104
e 351 430 182
e 351 431 183
e 351 432 184
e 352 353 106
e 352 431 184
e 352 432 185
e 352 433 186
e 353 354 108
e 353 432 186
e 353 433 187
e 353 434 188
e 354 355 110
e 354 433 188
e 354 434 189
e 354 435 190
e 355 356 112
e 355 434 190
e 355 435 191
e 355 436 192
e 356 357 114
e 356 435 192
e 356 436 193
e 356 437 194
e 357 358 116
e 357 436 194
e 357 437 195
e 357 438 196
e 358 359 118
e 358 437 196
e 358 438 197
e 358 439 198
e 359 360 120
e 359 438 198
e 359 439 199
e 359 440 200
e 360 361 122
e 360 439 200
e 360 440 1
e 360 441 2
e 361 362 124
e 361 440 2
e 361 441 3
e 361 442 4
e 362 363 126
e 362 441 4
e 362 442 5
e 362 443 6
e 363 364 128
e 363 442 6
e 363 443 7
e 363 444 8
e 364 365 130
e 364 443 8
e 364 444 9
e 364 445 10
e 365 366 132
e 365 444 10
e 365 445 11
e 365 446 12
e 366 367 134
e 366 445 12
e 366 446 13
e 366 447 14
e 367 368 136
e 367 446 14
e 367 447 15
e 367 448 16
e 368 369 138
e 368 447 16
e 368 448 17
e 368 449 18
e 369 370 140
e 369 448 18
e 369 449 19
e 369 450 20
e 370 371 142
e 370 449 20
e 370 450 21
e 370 451 22
e 371 372 144
e 371 450 22
e 371 451 23
e 371 452 24
e 372 373 146
e 372 451 24
e 372 452 25
e 372 453 26
e 373 374 148
e 373 452 26
e 373 453 27
e 373 454 28
e 374 375 150
e 374 453 28
e 374 454 29
e 374 455 30
e 375 376 152
e 375 454 30
e 375 455 31
e 375 456 32
e 376 377 154
e 376 455 32
e 376 456 33
e 376 457 34
e 377 378 156
e 377 456 34
e 377 457 35
e 377 458 36
e 378 379 158
e 378 457 36
e 378 458 37
e 378 459 38
e 379 380 160
e 379 458 38
e 379 459 39
e 379 460 40
e 380 381 162
e 380 459 40
e 380 460 41
e 380 461 42
e 381 382 164
e 381 460 42
e 381 461 43
e 381 462 44
e 382 383 166
e 382 461 44
e 382 462 45
e 382 463 46
e 383 384 168
e 383 462 46
e 383 463 47
e 383 464 48
e 384 385 170
e 384 463 48
e 384 464 49
e 384 465 50
e 385 386 172
e 385 464 50
e 385 465 51
e 385 466 52
e 386 387 174
e 386 465 52
e 386 466 53
e 386 467 54
e 387 388 176
e 387 466 54
e 387 467 55
e 387 468 56
e 388 389 178
e 388 467 56
e 388 468 57
e 388 469 58
e 389 390 180
e 389 468 58
e 389 469 59
e 389 470 60
e 390 391 182
e 390 469 60
e 390 470 61
e 390 471 62
e 391 392 184
e 391 470 62
e 391 471 63
e 391 472 64
e 392 393 186
e 392 471 64
e 392 472 65
e 392 473 66
e 393 394 188
e 393 472 66
e 393 473 67
e 393 474 68
e 394 395 190
e 394 473 68
e 394 474 69
e 394 475 70
e 395 396 192
e 395 474 70
e 395 475 71
e 395 476 72
e 396 397 194
e 396 475 72
e 396 476 73
e 396 477 74
e 397 398 196
e 397 476 74
e 397 477 75
e 397 478 76
e 398 399 198
e 398 477 76
e 398 478 77
e 398 479 78
e 399 400 200
e 399 478 78
e 399 479 79
e 399 480 80
e 400 401 2
e 400 479 80
e 400 480 81
e 400 481 82
e 401 402 4
e 401 480 82
e 401 481 83
e 401 482 84
e 402 403 6
e 402 481 84
e 402 482 85
e 402 483 86
e 403 404 8
e 403 482 86
e 403 483 87
e 403 484 88
e 404 405 10
e 404 483 88
e 404 484 89
e 404 485 90
e 405 406 12
e 405 484 90
e 405 485 91
e 405 486 92
e 406 407 14
e 406 485 92
e 406 486 93
e 406 487 94
e 407 408 16
e 407 486 94
e 407 487 95
e 407 488 96
e 408 409 18
e 408 487 96
e 408 488 97
e 408 489 98
e 409 410 20
e 409 488 98
e 409 489 99
e 409 490 100
e 410 411 22
e 410 489 100
e 410 490 101
e 410 491 102
e 411 412 24
e 411 490 102
e 411 491 103
e 411 492 104
e 412 413 26
e 412 491 104
e 412 492 105
e 412 493 106
e 413 414 28
e 413 492 106
e 413 493 107
e 413 494 108
e 414 415 30
e 414 493 108
e 414 494 109
e 414 495 110
e 415 416 32
e 415 494 110
e 415 495 111
e 415 496 112
e 416 417 34
e 416 495 112
e 416 496 113
e 416 497 114
e 417 418 36
e 417 496 114
e 417 497 115
e 417 498 116
e 418 419 38
e 418 497 116
e 418 498 117
e 418 499 118
e 419 420 40
e 419 498 118
e 419 499 119
e 419 500 120
e 420 421 42
e 420 499 120
e 420 500 121
e 421 422 44
e 421 500 122
e 422 423 46
e 423 424 48
e 424 425 50
e 425 426 52
e 426 427 54
e 427 428 56
e 428 429 58
e 429 430 60
e 430 431 62
e 431 432 64
e 432 433 66
e 433 434 68
e 434 435 70
e 435 436 72
e 436 437 74
e 437 438 76
e 438 439 78
e 439 440 80
e 440 441 82
e 441 442 84
e 442 443 86
e 443 444 88
e 444 445 90
e 445 446 92
e 446 447 94
e 447 448 96
e 448 449 98
e 449 450 100
e 450 451 102
e 451 452 104
e 452 453 106
e 453 454 108
e 454 455 110
e 455 456 112
e 456 457 114
e 457 458 116
e 458 459 118
e 459 460 120
e 460 461 122
e 461 462 124
e 462 463 126
e 463 464 128
e 464 465 130
e 465 466 132
e 466 467 134
e 467 468 136
e 468 469 138
e 469 470 140
e 470 471 142
e 471 472 144
e 472 473 146
e 473 474 148
e 474 475 150
e 475 476 152
e 476 477 154
e 477 478 156
e 478 479 158
e 479 480 160
e 480 481 162
e 481 482 164
e 482 483 166
e 483 484 168
e 484 485 170
e 485 486 172
e 486 487 174
e 487 488 176
e 488 489 178
e 489 490 180
e 490 491 182
e 491 492 184
e 492 493 186
e 493 494 188
e 494 495 190
e 495 496 192
e 496 497 194
e 497 498 196
e 498 499 198
e 499 500 200
n 1 0
n 2 0
n 3 0
n 4 0
n 5 0
n 6 0
n 7 0
n 8 0
n 9 0
n 10 0
n 11 0
n 12 0
n 13 0
n 14 0
n 15 0
n 16 0
n 17 0
n 18 0
n 19 0
n 20 0
n 21 0
n 22 0
n 23 0
n 24 0
n 25 0
n 26 0
n 27 0
n 28 0
n 29 0
n 30 0
n 31 0
n 32 0
n 33 0
n 34 0
n 35 0
n 36 0
n 37 0
n 38 0
n 39 0
n 40 0
n 41 0
n 42 0
n 43 0
n 44 0
n 45 0
n 46 0
n 47 0
n 48 0
n 49 0
n 50 0
n 51 0
n 52 0
n 53 0
n 54 0
n 55 0
n 56 0
n 57 0
n 58 0
n 59 0
n 60 0
n 61 0
n 62 0
n 63 0
n 64 0
n 65 0
n 66 0
n 67 0
n 68 0
n 69 0
n 70 0
n 71 0
n 72 0
n 73 0
n 74 0
n 75 0
n 76 0
n 77 0
n 78 0
n 79 0
n 80 0
n 81 0
n 82 0
n 83 0
n 84 0
n 85 0
n 86 0
n 87 0
n 88 0
n 89 0
n 90 0
n 91 0
n 92 0
n 93 0
n 94 0
n 95 0
n 96 0
n 97 0
n 98 0
n 99 0
n 100 0
n 101 0
n 102 0
n 103 0
n 104 0
n 105 0
n 106 0
n 107 0
n 108 0
n 109 0
n 110 0
n 111 0
n 112 0
n 113 0
n 114 0
n 115 0
n 116 0
n 117 0
n 118 0
n 119 0
n 120 0
n 121 0
n 122 0
n 123 0
n 124 0
n 125 0
n 126 0
n 127 0
n 128 0
n 129 0
n 130 0
n 131 0
n 132 0
n 133 0
n 134 0
n 135 0
n 136 0
n 137 0
n 138 0
n 139 0
n 140 0
n 141 0
n 142 0
n 143 0
n 144 0
n 145 0
n 146 0
n 147 0
n 148 0
n 149 0
n 150 0
n 151 0
n 152 0
n 153 0
n 154 0
n 155 0
n 156 0
n 157 0
n 158 0
n 159 0
n 160 0
n 161 0
n 162 0
n 163 0
n 164 0
n 165 0
n 166 0
n 167 0
n 168 0
n 169 0
n 170 0
n 171 0
n 172 0
n 173 0
n 174 0
n 175 0
n 176 0
n 177 0
n 178 0
n 179 0
n 180 0
n 181 0
n 182 0
n 183 0
n 184 0
n 185 0
n 186 0
n 187 0
n 188 0
n 189 0
n 190 0
n 191 0
n 192 0
n 193 0
n 194 0
n 195 0
n 196 0
n 197 0
n 198 0
n 199 0
n 200 0
n 201 0
n 202 0
n 203 0
n 204 0
n 205 0
n 206 0
n 207 0
n 208 0
n 209 0
n 210 0
n 211 0
n 212 0
n 213 0
n 214 0
n 215 0
n 216 0
n 217 0
n 218 0
n 219 0
n 220 0
n 221 0
n 222 0
n 223 0
n 224 0
n 225 0
n 226 0
n 227 0
n 228 0
n 229 0
n 230 0
n 231 0
n 232 0
n 233 0
n 234 0
n 235 0
n 236 0
n 237 0
n 238 0
n 239 0
n 240 0
n 241 0
n 242 0
n 243 0
n 244 0
n 245 0
n 246 0
n 247 0
n 248 0
n 249 0
n 250 0
n 251 0
n 252 0
n 253 0
n 254 0
n 255 0
n 256 0
n 257 0
n 258 0
n 259 0
n 260 0
n 261 0
n 262 0
n 263 0
n 264 0
n 265 0
n 266 0
n 267 0
n 268 0
n 269 0
n 270 0
n 271 0
n 272 0
n 273 0
n 274 0
n 275 0
n 276 0
n 277 0
n 278 0
n 279 0
n 280 0
n 281 0
n 282 0
n 283 0
n 284 0
n 285 0
n 286 0
n 287 0
n 288 0
n 289 0
n 290 0
n 291 0
n 292 0
n 293 0
n 294 0
n 295 0
n 296 0
n 297 0
n 298 0
n 299 0
n 300 0
n 301 0
n 302 0
n 303 0
n 304 0
n 305 0
n 306 0
n 307 0
n 308 0
n 309 0
n 310 0
n 311 0
n 312 0
n 313 0
n 314 0
n 315 0
n 316 0
n 317 0
n 318 0
n 319 0
n 320 0
n 321 0
n 322 0
n 323 0
n 324 0
n 325 0
n 326 0
n 327 0
n 328 0
n 329 0
n 330 0
n 331 0
n 332 0
n 333 0
n 334 0
n 335 0
n 336 0
n 337 0
n 338 0
n 339 0
n 340 0
n 341 0
n 342 0
n 343 0
n 344 0
n 345 0
n 346 0
n 347 0
n 348 0
n 349 0
n 350 0
n 351 0
n 352 0
n 353 0
n 354 0
n 355 0
n 356 0
n 357 0
n 358 0
n 359 0
n 360 0
n 361 0
n 362 0
n 363 0
n 364 0
n 365 0
n 366 0
n 367 0
n 368 0
n 369 0
n 370 0
n 371 0
n 372 0
n 373 0
n 374 0
n 375 0
n 376 0
n 377 0
n 378 0
n 379 0
n 380 0
n 381 0
n 382 0
n 383 0
n 384 0
n 385 0
n 386 0
n 387 0
n 388 0
n 389 0
n 390 0
n 391 0
n 392 0
n 393 0
n 394 0
n 395 0
n 396 0
n 397 0
n 398 0
n 399 0
n 400 0
n 401 0
n 402 0
n 403 0
n 404 0
n 405 0
n 406 0
n 407 0
n 408 0
n 409 0
n 410 0
n 411 0
n 412 0
n 413 0
n 414 0
n 415 0
n 416 0
n 417 0
n 418 0
n 419 0
n 420 0
n 421 0
n 422 0
n 423 0
n 424 0
n 425 0
n 426 0
n 427 0
n 428 0
n 429 0
n 430 0
n 431 0
n 432 0
n 433 0
n 434 0
n 435 0
n 436 0
n 437 0
n 438 0
n 439 0
n 440 0
n 441 0
n 442 0
n 443 0
n 444 0
n 445 0
n 446 0
n 447 0
n 448 0
n 449 0
n 450 0
n 451 0
n 452 0
n 453 0
n 454 0
n 455 0
n 456 0
n 457 0
n 458 0
n 459 0
n 460 0
n 461 0
n 462 0
n 463 0
n 464 0
n 465 0
n 466 0
n 467 0
n 468 0
n 469 0
n 470 0
n 471 0
n 472 0
n 473 0
n 474 0
n 475 0
n 476 0
n 477 0
n 478 0
n 479 0
n 480 0
n 481 0
n 482 0
n 483 0
n 484 0
n 485 0
n 486 0
n 487 0
n 488 0
n 489 0
n 490 0
n 491 0
n 492 0
n 493 0
n 494 0
n 495 0
n 496 0
n 497 0
n 498 0
n 499 0
n 500 0
