p edge 200 3235
e 1 2 4
e 1 18 20
e 1 19 21
e 1 20 22
e 1 36 38
e 1 37 39
e 1 38 40
e 1 54 56
e 1 55 57
e 1 56 58
e 1 72 74
e 1 73 75
e 1 74 76
e 1 90 92
e 1 91 93
e 1 92 94
e 1 108 110
e 1 109 111
e 1 110 112
e 1 126 128
e 1 127 129
e 1 128 130
e 1 144 146
e 1 145 147
e 1 146 148
e 1 162 164
e 1 163 165
e 1 164 166
e 1 180 182
e 1 181 183
e 1 182 184
e 1 198 200
e 1 199 1
e 1 200 2
e 2 3 6
e 2 19 22
e 2 20 23
e 2 21 24
e 2 37 40
e 2 38 41
e 2 39 42
e 2 55 58
e 2 56 59
e 2 57 60
e 2 73 76
e 2 74 77
e 2 75 78
e 2 91 94
e 2 92 95
e 2 93 96
e 2 109 112
e 2 110 113
e 2 111 114
e 2 127 130
e 2 128 131
e 2 129 132
e 2 145 148
e 2 146 149
e 2 147 150
e 2 163 166
e 2 164 167
e 2 165 168
e 2 181 184
e 2 182 185
e 2 183 186
e 2 199 2
e 2 200 3
e 3 4 8
e 3 20 24
e 3 21 25
e 3 22 26
e 3 38 42
e 3 39 43
e 3 40 44
e 3 56 60
e 3 57 61
e 3 58 62
e 3 74 78
e 3 75 79
e 3 76 80
e 3 92 96
e 3 93 97
e 3 94 98
e 3 110 114
e 3 111 115
e 3 112 116
e 3 128 132
e 3 129 133
e 3 130 134
e 3 146 150
e 3 147 151
e 3 148 152
e 3 164 168
e 3 165 169
e 3 166 170
e 3 182 186
e 3 183 187
e 3 184 188
e 3 200 4
e 4 5 10
e 4 21 26
e 4 22 27
e 4 23 28
e 4 39 44
e 4 40 45
e 4 41 46
e 4 57 62
e 4 58 63
e 4 59 64
e 4 75 80
e 4 76 81
e 4 77 82
e 4 93 98
e 4 94 99
e 4 95 100
e 4 111 116
e 4 112 117
e 4 113 118
e 4 129 134
e 4 130 135
e 4 131 136
e 4 147 152
e 4 148 153
e 4 149 154
e 4 165 170
e 4 166 171
e 4 167 172
e 4 183 188
e 4 184 189
e 4 185 190
e 5 6 12
e 5 22 28
e 5 23 29
e 5 24 30
e 5 40 46
e 5 41 47
e 5 42 48
e 5 58 64
e 5 59 65
e 5 60 66
e 5 76 82
e 5 77 83
e 5 78 84
e 5 94 100
e 5 95 101
e 5 96 102
e 5 112 118
e 5 113 119
e 5 114 120
e 5 130 136
e 5 131 137
e 5 132 138
e 5 148 154
e 5 149 155
e 5 150 156
e 5 166 172
e 5 167 173
e 5 168 174
e 5 184 190
e 5 185 191
e 5 186 192
e 6 7 14
e 6 23 30
e 6 24 31
e 6 25 32
e 6 41 48
e 6 42 49
e 6 43 50
e 6 59 66
e 6 60 67
e 6 61 68
e 6 77 84
e 6 78 85
e 6 79 86
e 6 95 102
e 6 96 103
e 6 97 104
e 6 113 120
e 6 114 121
e 6 115 122
e 6 131 138
e 6 132 139
e 6 133 140
e 6 149 156
e 6 150 157
e 6 151 158
e 6 167 174
e 6 168 175
e 6 169 176
e 6 185 192
e 6 186 193
e 6 187 194
e 7 8 16
e 7 24 32
e 7 25 33
e 7 26 34
e 7 42 50
e 7 43 51
e 7 44 52
e 7 60 68
e 7 61 69
e 7 62 70
e 7 78 86
e 7 79 87
e 7 80 88
e 7 96 104
e 7 97 105
e 7 98 106
e 7 114 122
e 7 115 123
e 7 116 124
e 7 132 140
e 7 133 141
e 7 134 142
e 7 150 158
e 7 151 159
e 7 152 160
e 7 168 176
e 7 169 177
e 7 170 178
e 7 186 194
e 7 187 195
e 7 188 196
e 8 9 18
e 8 25 34
e 8 26 35
e 8 27 36
e 8 43 52
e 8 44 53
e 8 45 54
e 8 61 70
e 8 62 71
e 8 63 72
e 8 79 88
e 8 80 89
e 8 81 90
e 8 97 106
e 8 98 107
e 8 99 108
e 8 115 124
e 8 116 125
e 8 117 126
e 8 133 142
e 8 134 143
e 8 135 144
e 8 151 160
e 8 152 161
e 8 153 162
e 8 169 178
e 8 170 179
e 8 171 180
e 8 187 196
e 8 188 197
e 8 189 198
e 9 10 20
e 9 26 36
e 9 27 37
e 9 28 38
e 9 44 54
e 9 45 55
e 9 46 56
e 9 62 72
e 9 63 73
e 9 64 74
e 9 80 90
e 9 81 91
e 9 82 92
e 9 98 108
e 9 99 109
e 9 100 110
e 9 116 126
e 9 117 127
e 9 118 128
e 9 134 144
e 9 135 145
e 9 136 146
e 9 152 162
e 9 153 163
e 9 154 164
e 9 170 180
e 9 171 181
e 9 172 182
e 9 188 198
e 9 189 199
e 9 190 200
e 10 11 22
e 10 27 38
e 10 28 39
e 10 29 40
e 10 45 56
e 10 46 57
e 10 47 58
e 10 63 74
e 10 64 75
e 10 65 76
e 10 81 92
e 10 82 93
e 10 83 94
e 10 99 110
e 10 100 111
e 10 101 112
e 10 117 128
e 10 118 129
e 10 119 130
e 10 135 146
e 10 136 147
e 10 137 148
e 10 153 164
e 10 154 165
e 10 155 166
e 10 171 182
e 10 172 183
e 10 173 184
e 10 189 200
e 10 190 1
e 10 191 2
e 11 12 24
e 11 28 40
e 11 29 41
e 11 30 42
e 11 46 58
e 11 47 59
e 11 48 60
e 11 64 76
e 11 65 77
e 11 66 78
e 11 82 94
e 11 83 95
e 11 84 96
e 11 100 112
e 11 101 113
e 11 102 114
e 11 118 130
e 11 119 131
e 11 120 132
e 11 136 148
e 11 137 149
e 11 138 150
e 11 154 166
e 11 155 167
e 11 156 168
e 11 172 184
e 11 173 185
e 11 174 186
e 11 190 2
e 11 191 3
e 11 192 4
e 12 13 26
e 12 29 42
e 12 30 43
e 12 31 44
e 12 47 60
e 12 48 61
e 12 49 62
e 12 65 78
e 12 66 79
e 12 67 80
e 12 83 96
e 12 84 97
e 12 85 98
e 12 101 114
e 12 102 115
e 12 103 116
e 12 119 132
e 12 120 133
e 12 121 134
e 12 137 150
e 12 138 151
e 12 139 152
e 12 155 168
e 12 156 169
e 12 157 170
e 12 173 186
e 12 174 187
e 12 175 188
e 12 191 4
e 12 192 5
e 12 193 6
e 13 14 28
e 13 30 44
e 13 31 45
e 13 32 46
e 13 48 62
e 13 49 63
e 13 50 64
e 13 66 80
e 13 67 81
e 13 68 82
e 13 84 98
e 13 85 99
e 13 86 100
e 13 102 116
e 13 103 117
e 13 104 118
e 13 120 134
e 13 121 135
e 13 122 136
e 13 138 152
e 13 139 153
e 13 140 154
e 13 156 170
e 13 157 171
e 13 158 172
e 13 174 188
e 13 175 189
e 13 176 190
e 13 192 6
e 13 193 7
e 13 194 8
e 14 15 30
e 14 31 46
e 14 32 47
e 14 33 48
e 14 49 64
e 14 50 65
e 14 51 66
e 14 67 82
e 14 68 83
e 14 69 84
e 14 85 100
e 14 86 101
e 14 87 102
e 14 103 118
e 14 104 119
e 14 105 120
e 14 121 136
e 14 122 137
e 14 123 138
e 14 139 154
e 14 140 155
e 14 141 156
e 14 157 172
e 14 158 173
e 14 159 174
e 14 175 190
e 14 176 191
e 14 177 192
e 14 193 8
e 14 194 9
e 14 195 10
e 15 16 32
e 15 32 48
e 15 33 49
e 15 34 50
e 15 50 66
e 15 51 67
e 15 52 68
e 15 68 84
e 15 69 85
e 15 70 86
e 15 86 102
e 15 87 103
e 15 88 104
e 15 104 120
e 15 105 121
e 15 106 122
e 15 122 138
e 15 123 139
e 15 124 140
e 15 140 156
e 15 141 157
e 15 142 158
e 15 158 174
e 15 159 175
e 15 160 176
e 15 176 192
e 15 177 193
e 15 178 194
e 15 194 10
e 15 195 11
e 15 196 12
e 16 17 34
e 16 33 50
e 16 34 51
e 16 35 52
e 16 51 68
e 16 52 69
e 16 53 70
e 16 69 86
e 16 70 87
e 16 71 88
e 16 87 104
e 16 88 105
e 16 89 106
e 16 105 122
e 16 106 123
e 16 107 124
e 16 123 140
e 16 124 141
e 16 125 142
e 16 141 158
e 16 142 159
e 16 143 160
e 16 159 176
e 16 160 177
e 16 161 178
e 16 177 194
e 16 178 195
e 16 179 196
e 16 195 12
e 16 196 13
e 16 197 14
e 17 18 36
e 17 34 52
e 17 35 53
e 17 36 54
e 17 52 70
e 17 53 71
e 17 54 72
e 17 70 88
e 17 71 89
e 17 72 90
e 17 88 106
e 17 89 107
e 17 90 108
e 17 106 124
e 17 107 125
e 17 108 126
e 17 124 142
e 17 125 143
e 17 126 144
e 17 142 160
e 17 143 161
e 17 144 162
e 17 160 178
e 17 161 179
e 17 162 180
e 17 178 196
e 17 179 197
e 17 180 198
e 17 196 14
e 17 197 15
e 17 198 16
e 18 19 38
e 18 35 54
e 18 36 55
e 18 37 56
e 18 53 72
e 18 54 73
e 18 55 74
e 18 71 90
e 18 72 91
e 18 73 92
e 18 89 108
e 18 90 109
e 18 91 110
e 18 107 126
e 18 108 127
e 18 109 128
e 18 125 144
e 18 126 145
e 18 127 146
e 18 143 162
e 18 144 163
e 18 145 164
e 18 161 180
e 18 162 181
e 18 163 182
e 18 179 198
e 18 180 199
e 18 181 200
e 18 197 16
e 18 198 17
e 18 199 18
e 19 20 40
e 19 36 56
e 19 37 57
e 19 38 58
e 19 54 74
e 19 55 75
e 19 56 76
e 19 72 92
e 19 73 93
e 19 74 94
e 19 90 110
e 19 91 111
e 19 92 112
e 19 108 128
e 19 109 129
e 19 110 130
e 19 126 146
e 19 127 147
e 19 128 148
e 19 144 164
e 19 145 165
e 19 146 166
e 19 162 182
e 19 163 183
e 19 164 184
e 19 180 200
e 19 181 1
e 19 182 2
e 19 198 18
e 19 199 19
e 19 200 20
e 20 21 42
e 20 37 58
e 20 38 59
e 20 39 60
e 20 55 76
e 20 56 77
e 20 57 78
e 20 73 94
e 20 74 95
e 20 75 96
e 20 91 112
e 20 92 113
e 20 93 114
e 20 109 130
e 20 110 131
e 20 111 132
e 20 127 148
e 20 128 149
e 20 129 150
e 20 145 166
e 20 146 167
e 20 147 168
e 20 163 184
e 20 164 185
e 20 165 186
e 20 181 2
e 20 182 3
e 20 183 4
e 20 199 20
e 20 200 21
e 21 22 44
e 21 38 60
e 21 39 61
e 21 40 62
e 21 56 78
e 21 57 79
e 21 58 80
e 21 74 96
e 21 75 97
e 21 76 98
e 21 92 114
e 21 93 115
e 21 94 116
e 21 110 132
e 21 111 133
e 21 112 134
e 21 128 150
e 21 129 151
e 21 130 152
e 21 146 168
e 21 147 169
e 21 148 170
e 21 164 186
e 21 165 187
e 21 166 188
e 21 182 4
e 21 183 5
e 21 184 6
e 21 200 22
e 22 23 46
e 22 39 62
e 22 40 63
e 22 41 64
e 22 57 80
e 22 58 81
e 22 59 82
e 22 75 98
e 22 76 99
e 22 77 100
e 22 93 116
e 22 94 117
e 22 95 118
e 22 111 134
e 22 112 135
e 22 113 136
e 22 129 152
e 22 130 153
e 22 131 154
e 22 147 170
e 22 148 171
e 22 149 172
e 22 165 188
e 22 166 189
e 22 167 190
e 22 183 6
e 22 184 7
e 22 185 8
e 23 24 48
e 23 40 64
e 23 41 65
e 23 42 66
e 23 58 82
e 23 59 83
e 23 60 84
e 23 76 100
e 23 77 101
e 23 78 102
e 23 94 118
e 23 95 119
e 23 96 120
e 23 112 136
e 23 113 137
e 23 114 138
e 23 130 154
e 23 131 155
e 23 132 156
e 23 148 172
e 23 149 173
e 23 150 174
e 23 166 190
e 23 167 191
e 23 168 192
e 23 184 8
e 23 185 9
e 23 186 10
e 24 25 50
e 24 41 66
e 24 42 67
e 24 43 68
e 24 59 84
e 24 60 85
e 24 61 86
e 24 77 102
e 24 78 103
e 24 79 104
e 24 95 120
e 24 96 121
e 24 97 122
e 24 113 138
e 24 114 139
e 24 115 140
e 24 131 156
e 24 132 157
e 24 133 158
e 24 149 174
e 24 150 175
e 24 151 176
e 24 167 192
e 24 168 193
e 24 169 194
e 24 185 10
e 24 186 11
e 24 187 12
e 25 26 52
e 25 42 68
e 25 43 69
e 25 44 70
e 25 60 86
e 25 61 87
e 25 62 88
e 25 78 104
e 25 79 105
e 25 80 106
e 25 96 122
e 25 97 123
e 25 98 124
e 25 114 140
e 25 115 141
e 25 116 142
e 25 132 158
e 25 133 159
e 25 134 160
e 25 150 176
e 25 151 177
e 25 152 178
e 25 168 194
e 25 169 195
e 25 170 196
e 25 186 12
e 25 187 13
e 25 188 14
e 26 27 54
e 26 43 70
e 26 44 71
e 26 45 72
e 26 61 88
e 26 62 89
e 26 63 90
e 26 79 106
e 26 80 107
e 26 81 108
e 26 97 124
e 26 98 125
e 26 99 126
e 26 115 142
e 26 116 143
e 26 117 144
e 26 133 160
e 26 134 161
e 26 135 162
e 26 151 178
e 26 152 179
e 26 153 180
e 26 169 196
e 26 170 197
e 26 171 198
e 26 187 14
e 26 188 15
e 26 189 16
e 27 28 56
e 27 44 72
e 27 45 73
e 27 46 74
e 27 62 90
e 27 63 91
e 27 64 92
e 27 80 108
e 27 81 109
e 27 82 110
e 27 98 126
e 27 99 127
e 27 100 128
e 27 116 144
e 27 117 145
e 27 118 146
e 27 134 162
e 27 135 163
e 27 136 164
e 27 152 180
e 27 153 181
e 27 154 182
e 27 170 198
e 27 171 199
e 27 172 200
e 27 188 16
e 27 189 17
e 27 190 18
e 28 29 58
e 28 45 74
e 28 46 75
e 28 47 76
e 28 63 92
e 28 64 93
e 28 65 94
e 28 81 110
e 28 82 111
e 28 83 112
e 28 99 128
e 28 100 129
e 28 101 130
e 28 117 146
e 28 118 147
e 28 119 148
e 28 135 164
e 28 136 165
e 28 137 166
e 28 153 182
e 28 154 183
e 28 155 184
e 28 171 200
e 28 172 1
e 28 173 2
e 28 189 18
e 28 190 19
e 28 191 20
e 29 30 60
e 29 46 76
e 29 47 77
e 29 48 78
e 29 64 94
e 29 65 95
e 29 66 96
e 29 82 112
e 29 83 113
e 29 84 114
e 29 100 130
e 29 101 131
e 29 102 132
e 29 118 148
e 29 119 149
e 29 120 150
e 29 136 166
e 29 137 167
e 29 138 168
e 29 154 184
e 29 155 185
e 29 156 186
e 29 172 2
e 29 173 3
e 29 174 4
e 29 190 20
e 29 191 21
e 29 192 22
e 30 31 62
e 30 47 78
e 30 48 79
e 30 49 80
e 30 65 96
e 30 66 97
e 30 67 98
e 30 83 114
e 30 84 115
e 30 85 116
e 30 101 132
e 30 102 133
e 30 103 134
e 30 119 150
e 30 120 151
e 30 121 152
e 30 137 168
e 30 138 169
e 30 139 170
e 30 155 186
e 30 156 187
e 30 157 188
e 30 173 4
e 30 174 5
e 30 175 6
e 30 191 22
e 30 192 23
e 30 193 24
e 31 32 64
e 31 48 80
e 31 49 81
e 31 50 82
e 31 66 98
e 31 67 99
e 31 68 100
e 31 84 116
e 31 85 117
e 31 86 118
e 31 102 134
e 31 103 135
e 31 104 136
e 31 120 152
e 31 121 153
e 31 122 154
e 31 138 170
e 31 139 171
e 31 140 172
e 31 156 188
e 31 157 189
e 31 158 190
e 31 174 6
e 31 175 7
e 31 176 8
e 31 192 24
e 31 193 25
e 31 194 26
e 32 33 66
e 32 49 82
e 32 50 83
e 32 51 84
e 32 67 100
e 32 68 101
e 32 69 102
e 32 85 118
e 32 86 119
e 32 87 120
e 32 103 136
e 32 104 137
e 32 105 138
e 32 121 154
e 32 122 155
e 32 123 156
e 32 139 172
e 32 140 173
e 32 141 174
e 32 157 190
e 32 158 191
e 32 159 192
e 32 175 8
e 32 176 9
e 32 177 10
e 32 193 26
e 32 194 27
e 32 195 28
e 33 34 68
e 33 50 84
e 33 51 85
e 33 52 86
e 33 68 102
e 33 69 103
e 33 70 104
e 33 86 120
e 33 87 121
e 33 88 122
e 33 104 138
e 33 105 139
e 33 106 140
e 33 122 156
e 33 123 157
e 33 124 158
e 33 140 174
e 33 141 175
e 33 142 176
e 33 158 192
e 33 159 193
e 33 160 194
e 33 176 10
e 33 177 11
e 33 178 12
e 33 194 28
e 33 195 29
e 33 196 30
e 34 35 70
e 34 51 86
e 34 52 87
e 34 53 88
e 34 69 104
e 34 70 105
e 34 71 106
e 34 87 122
e 34 88 123
e 34 89 124
e 34 105 140
e 34 106 141
e 34 107 142
e 34 123 158
e 34 124 159
e 34 125 160
e 34 141 176
e 34 142 177
e 34 143 178
e 34 159 194
e 34 160 195
e 34 161 196
e 34 177 12
e 34 178 13
e 34 179 14
e 34 195 30
e 34 196 31
e 34 197 32
e 35 36 72
e 35 52 88
e 35 53 89
e 35 54 90
e 35 70 106
e 35 71 107
e 35 72 108
e 35 88 124
e 35 89 125
e 35 90 126
e 35 106 142
e 35 107 143
e 35 108 144
e 35 124 160
e 35 125 161
e 35 126 162
e 35 142 178
e 35 143 179
e 35 144 180
e 35 160 196
e 35 161 197
e 35 162 198
e 35 178 14
e 35 179 15
e 35 180 16
e 35 196 32
e 35 197 33
e 35 198 34
e 36 37 74
e 36 53 90
e 36 54 91
e 36 55 92
e 36 71 108
e 36 72 109
e 36 73 110
e 36 89 126
e 36 90 127
e 36 91 128
e 36 107 144
e 36 108 145
e 36 109 146
e 36 125 162
e 36 126 163
e 36 127 164
e 36 143 180
e 36 144 181
e 36 145 182
e 36 161 198
e 36 162 199
e 36 163 200
e 36 179 16
e 36 180 17
e 36 181 18
e 36 197 34
e 36 198 35
e 36 199 36
e 37 38 76
e 37 54 92
e 37 55 93
e 37 56 94
e 37 72 110
e 37 73 111
e 37 74 112
e 37 90 128
e 37 91 129
e 37 92 130
e 37 108 146
e 37 109 147
e 37 110 148
e 37 126 164
e 37 127 165
e 37 128 166
e 37 144 182
e 37 145 183
e 37 146 184
e 37 162 200
e 37 163 1
e 37 164 2
e 37 180 18
e 37 181 19
e 37 182 20
e 37 198 36
e 37 199 37
e 37 200 38
e 38 39 78
e 38 55 94
e 38 56 95
e 38 57 96
e 38 73 112
e 38 74 113
e 38 75 114
e 38 91 130
e 38 92 131
e 38 93 132
e 38 109 148
e 38 110 149
e 38 111 150
e 38 127 166
e 38 128 167
e 38 129 168
e 38 145 184
e 38 146 185
e 38 147 186
e 38 163 2
e 38 164 3
e 38 165 4
e 38 181 20
e 38 182 21
e 38 183 22
e 38 199 38
e 38 200 39
e 39 40 80
e 39 56 96
e 39 57 97
e 39 58 98
e 39 74 114
e 39 75 115
e 39 76 116
e 39 92 132
e 39 93 133
e 39 94 134
e 39 110 150
e 39 111 151
e 39 112 152
e 39 128 168
e 39 129 169
e 39 130 170
e 39 146 186
e 39 147 187
e 39 148 188
e 39 164 4
e 39 165 5
e 39 166 6
e 39 182 22
e 39 183 23
e 39 184 24
e 39 200 40
e 40 41 82
e 40 57 98
e 40 58 99
e 40 59 100
e 40 75 116
e 40 76 117
e 40 77 118
e 40 93 134
e 40 94 135
e 40 95 136
e 40 111 152
e 40 112 153
e 40 113 154
e 40 129 170
e 40 130 171
e 40 131 172
e 40 147 188
e 40 148 189
e 40 149 190
e 40 165 6
e 40 166 7
e 40 167 8
e 40 183 24
e 40 184 25
e 40 185 26
e 41 42 84
e 41 58 100
e 41 59 101
e 41 60 102
e 41 76 118
e 41 77 119
e 41 78 120
e 41 94 136
e 41 95 137
e 41 96 138
e 41 112 154
e 41 113 155
e 41 114 156
e 41 130 172
e 41 131 173
e 41 132 174
e 41 148 190
e 41 149 191
e 41 150 192
e 41 166 8
e 41 167 9
e 41 168 10
e 41 184 26
e 41 185 27
e 41 186 28
e 42 43 86
e 42 59 102
e 42 60 103
e 42 61 104
e 42 77 120
e 42 78 121
e 42 79 122
e 42 95 138
e 42 96 139
e 42 97 140
e 42 113 156
e 42 114 157
e 42 115 158
e 42 131 174
e 42 132 175
e 42 133 176
e 42 149 192
e 42 150 193
e 42 151 194
e 42 167 10
e 42 168 11
e 42 169 12
e 42 185 28
e 42 186 29
e 42 187 30
e 43 44 88
e 43 60 104
e 43 61 105
e 43 62 106
e 43 78 122
e 43 79 123
e 43 80 124
e 43 96 140
e 43 97 141
e 43 98 142
e 43 114 158
e 43 115 159
e 43 116 160
e 43 132 176
e 43 133 177
e 43 134 178
e 43 150 194
e 43 151 195
e 43 152 196
e 43 168 12
e 43 169 13
e 43 170 14
e 43 186 30
e 43 187 31
e 43 188 32
e 44 45 90
e 44 61 106
e 44 62 107
e 44 63 108
e 44 79 124
e 44 80 125
e 44 81 126
e 44 97 142
e 44 98 143
e 44 99 144
e 44 115 160
e 44 116 161
e 44 117 162
e 44 133 178
e 44 134 179
e 44 135 180
e 44 151 196
e 44 152 197
e 44 153 198
e 44 169 14
e 44 170 15
e 44 171 16
e 44 187 32
e 44 188 33
e 44 189 34
e 45 46 92
e 45 62 108
e 45 63 109
e 45 64 110
e 45 80 126
e 45 81 127
e 45 82 128
e 45 98 144
e 45 99 145
e 45 100 146
e 45 116 162
e 45 117 163
e 45 118 164
e 45 134 180
e 45 135 181
e 45 136 182
e 45 152 198
e 45 153 199
e 45 154 200
e 45 170 16
e 45 171 17
e 45 172 18
e 45 188 34
e 45 189 35
e 45 190 36
e 46 47 94
e 46 63 110
e 46 64 111
e 46 65 112
e 46 81 128
e 46 82 129
e 46 83 130
e 46 99 146
e 46 100 147
e 46 101 148
e 46 117 164
e 46 118 165
e 46 119 166
e 46 135 182
e 46 136 183
e 46 137 184
e 46 153 200
e 46 154 1
e 46 155 2
e 46 171 18
e 46 172 19
e 46 173 20
e 46 189 36
e 46 190 37
e 46 191 38
e 47 48 96
e 47 64 112
e 47 65 113
e 47 66 114
e 47 82 130
e 47 83 131
e 47 84 132
e 47 100 148
e 47 101 149
e 47 102 150
e 47 118 166
e 47 119 167
e 47 120 168
e 47 136 184
e 47 137 185
e 47 138 186
e 47 154 2
e 47 155 3
e 47 156 4
e 47 172 20
e 47 173 21
e 47 174 22
e 47 190 38
e 47 191 39
e 47 192 40
e 48 49 98
e 48 65 114
e 48 66 115
e 48 67 116
e 48 83 132
e 48 84 133
e 48 85 134
e 48 101 150
e 48 102 151
e 48 103 152
e 48 119 168
e 48 120 169
e 48 121 170
e 48 137 186
e 48 138 187
e 48 139 188
e 48 155 4
e 48 156 5
e 48 157 6
e 48 173 22
e 48 174 23
e 48 175 24
e 48 191 40
e 48 192 41
e 48 193 42
e 49 50 100
e 49 66 116
e 49 67 117
e 49 68 118
e 49 84 134
e 49 85 135
e 49 86 136
e 49 102 152
e 49 103 153
e 49 104 154
e 49 120 170
e 49 121 171
e 49 122 172
e 49 138 188
e 49 139 189
e 49 140 190
e 49 156 6
e 49 157 7
e 49 158 8
e 49 174 24
e 49 175 25
e 49 176 26
e 49 192 42
e 49 193 43
e 49 194 44
e 50 51 102
e 50 67 118
e 50 68 119
e 50 69 120
e 50 85 136
e 50 86 137
e 50 87 138
e 50 103 154
e 50 104 155
e 50 105 156
e 50 121 172
e 50 122 173
e 50 123 174
e 50 139 190
e 50 140 191
e 50 141 192
e 50 157 8
e 50 158 9
e 50 159 10
e 50 175 26
e 50 176 27
e 50 177 28
e 50 193 44
e 50 194 45
e 50 195 46
e 51 52 104
e 51 68 120
e 51 69 121
e 51 70 122
e 51 86 138
e 51 87 139
e 51 88 140
e 51 104 156
e 51 105 157
e 51 106 158
e 51 122 174
e 51 123 175
e 51 124 176
e 51 140 192
e 51 141 193
e 51 142 194
e 51 158 10
e 51 159 11
e 51 160 12
e 51 176 28
e 51 177 29
e 51 178 30
e 51 194 46
e 51 195 47
e 51 196 48
e 52 53 106
e 52 69 122
e 52 70 123
e 52 71 124
e 52 87 140
e 52 88 141
e 52 89 142
e 52 105 158
e 52 106 159
e 52 107 160
e 52 123 176
e 52 124 177
e 52 125 178
e 52 141 194
e 52 142 195
e 52 143 196
e 52 159 12
e 52 160 13
e 52 161 14
e 52 177 30
e 52 178 31
e 52 179 32
e 52 195 48
e 52 196 49
e 52 197 50
e 53 54 108
e 53 70 124
e 53 71 125
e 53 72 126
e 53 88 142
e 53 89 143
e 53 90 144
e 53 106 160
e 53 107 161
e 53 108 162
e 53 124 178
e 53 125 179
e 53 126 180
e 53 142 196
e 53 143 197
e 53 144 198
e 53 160 14
e 53 161 15
e 53 162 16
e 53 178 32
e 53 179 33
e 53 180 34
e 53 196 50
e 53 197 51
e 53 198 52
e 54 55 110
e 54 71 126
e 54 72 127
e 54 73 128
e 54 89 144
e 54 90 145
e 54 91 146
e 54 107 162
e 54 108 163
e 54 109 164
e 54 125 180
e 54 126 181
e 54 127 182
e 54 143 198
e 54 144 199
e 54 145 200
e 54 161 16
e 54 162 17
e 54 163 18
e 54 179 34
e 54 180 35
e 54 181 36
e 54 197 52
e 54 198 53
e 54 199 54
e 55 56 112
e 55 72 128
e 55 73 129
e 55 74 130
e 55 90 146
e 55 91 147
e 55 92 148
e 55 108 164
e 55 109 165
e 55 110 166
e 55 126 182
e 55 127 183
e 55 128 184
e 55 144 200
e 55 145 1
e 55 146 2
e 55 162 18
e 55 163 19
e 55 164 20
e 55 180 36
e 55 181 37
e 55 182 38
e 55 198 54
e 55 199 55
e 55 200 56
e 56 57 114
e 56 73 130
e 56 74 131
e 56 75 132
e 56 91 148
e 56 92 149
e 56 93 150
e 56 109 166
e 56 110 167
e 56 111 168
e 56 127 184
e 56 128 185
e 56 129 186
e 56 145 2
e 56 146 3
e 56 147 4
e 56 163 20
e 56 164 21
e 56 165 22
e 56 181 38
e 56 182 39
e 56 183 40
e 56 199 56
e 56 200 57
e 57 58 116
e 57 74 132
e 57 75 133
e 57 76 134
e 57 92 150
e 57 93 151
e 57 94 152
e 57 110 168
e 57 111 169
e 57 112 170
e 57 128 186
e 57 129 187
e 57 130 188
e 57 146 4
e 57 147 5
e 57 148 6
e 57 164 22
e 57 165 23
e 57 166 24
e 57 182 40
e 57 183 41
e 57 184 42
e 57 200 58
e 58 59 118
e 58 75 134
e 58 76 135
e 58 77 136
e 58 93 152
e 58 94 153
e 58 95 154
e 58 111 170
e 58 112 171
e 58 113 172
e 58 129 188
e 58 130 189
e 58 131 190
e 58 147 6
e 58 148 7
e 58 149 8
e 58 165 24
e 58 166 25
e 58 167 26
e 58 183 42
e 58 184 43
e 58 185 44
e 59 60 120
e 59 76 136
e 59 77 137
e 59 78 138
e 59 94 154
e 59 95 155
e 59 96 156
e 59 112 172
e 59 113 173
e 59 114 174
e 59 130 190
e 59 131 191
e 59 132 192
e 59 148 8
e 59 149 9
e 59 150 10
e 59 166 26
e 59 167 27
e 59 168 28
e 59 184 44
e 59 185 45
e 59 186 46
e 60 61 122
e 60 77 138
e 60 78 139
e 60 79 140
e 60 95 156
e 60 96 157
e 60 97 158
e 60 113 174
e 60 114 175
e 60 115 176
e 60 131 192
e 60 132 193
e 60 133 194
e 60 149 10
e 60 150 11
e 60 151 12
e 60 167 28
e 60 168 29
e 60 169 30
e 60 185 46
e 60 186 47
e 60 187 48
e 61 62 124
e 61 78 140
e 61 79 141
e 61 80 142
e 61 96 158
e 61 97 159
e 61 98 160
e 61 114 176
e 61 115 177
e 61 116 178
e 61 132 194
e 61 133 195
e 61 134 196
e 61 150 12
e 61 151 13
e 61 152 14
e 61 168 30
e 61 169 31
e 61 170 32
e 61 186 48
e 61 187 49
e 61 188 50
e 62 63 126
e 62 79 142
e 62 80 143
e 62 81 144
e 62 97 160
e 62 98 161
e 62 99 162
e 62 115 178
e 62 116 179
e 62 117 180
e 62 133 196
e 62 134 197
e 62 135 198
e 62 151 14
e 62 152 15
e 62 153 16
e 62 169 32
e 62 170 33
e 62 171 34
e 62 187 50
e 62 188 51
e 62 189 52
e 63 64 128
e 63 80 144
e 63 81 145
e 63 82 146
e 63 98 162
e 63 99 163
e 63 100 164
e 63 116 180
e 63 117 181
e 63 118 182
e 63 134 198
e 63 135 199
e 63 136 200
e 63 152 16
e 63 153 17
e 63 154 18
e 63 170 34
e 63 171 35
e 63 172 36
e 63 188 52
e 63 189 53
e 63 190 54
e 64 65 130
e 64 81 146
e 64 82 147
e 64 83 148
e 64 99 164
e 64 100 165
e 64 101 166
e 64 117 182
e 64 118 183
e 64 119 184
e 64 135 200
e 64 136 1
e 64 137 2
e 64 153 18
e 64 154 19
e 64 155 20
e 64 171 36
e 64 172 37
e 64 173 38
e 64 189 54
e 64 190 55
e 64 191 56
e 65 66 132
e 65 82 148
e 65 83 149
e 65 84 150
e 65 100 166
e 65 101 167
e 65 102 168
e 65 118 184
e 65 119 185
e 65 120 186
e 65 136 2
e 65 137 3
e 65 138 4
e 65 154 20
e 65 155 21
e 65 156 22
e 65 172 38
e 65 173 39
e 65 174 40
e 65 190 56
e 65 191 57
e 65 192 58
e 66 67 134
e 66 83 150
e 66 84 151
e 66 85 152
e 66 101 168
e 66 102 169
e 66 103 170
e 66 119 186
e 66 120 187
e 66 121 188
e 66 137 4
e 66 138 5
e 66 139 6
e 66 155 22
e 66 156 23
e 66 157 24
e 66 173 40
e 66 174 41
e 66 175 42
e 66 191 58
e 66 192 59
e 66 193 60
e 67 68 136
e 67 84 152
e 67 85 153
e 67 86 154
e 67 102 170
e 67 103 171
e 67 104 172
e 67 120 188
e 67 121 189
e 67 122 190
e 67 138 6
e 67 139 7
e 67 140 8
e 67 156 24
e 67 157 25
e 67 158 26
e 67 174 42
e 67 175 43
e 67 176 44
e 67 192 60
e 67 193 61
e 67 194 62
e 68 69 138
e 68 85 154
e 68 86 155
e 68 87 156
e 68 103 172
e 68 104 173
e 68 105 174
e 68 121 190
e 68 122 191
e 68 123 192
e 68 139 8
e 68 140 9
e 68 141 10
e 68 157 26
e 68 158 27
e 68 159 28
e 68 175 44
e 68 176 45
e 68 177 46
e 68 193 62
e 68 194 63
e 68 195 64
e 69 70 140
e 69 86 156
e 69 87 157
e 69 88 158
e 69 104 174
e 69 105 175
e 69 106 176
e 69 122 192
e 69 123 193
e 69 124 194
e 69 140 10
e 69 141 11
e 69 142 12
e 69 158 28
e 69 159 29
e 69 160 30
e 69 176 46
e 69 177 47
e 69 178 48
e 69 194 64
e 69 195 65
e 69 196 66
e 70 71 142
e 70 87 158
e 70 88 159
e 70 89 160
e 70 105 176
e 70 106 177
e 70 107 178
e 70 123 194
e 70 124 195
e 70 125 196
e 70 141 12
e 70 142 13
e 70 143 14
e 70 159 30
e 70 160 31
e 70 161 32
e 70 177 48
e 70 178 49
e 70 179 50
e 70 195 66
e 70 196 67
e 70 197 68
e 71 72 144
e 71 88 160
e 71 89 161
e 71 90 162
e 71 106 178
e 71 107 179
e 71 108 180
e 71 124 196
e 71 125 197
e 71 126 198
e 71 142 14
e 71 143 15
e 71 144 16
e 71 160 32
e 71 161 33
e 71 162 34
e 71 178 50
e 71 179 51
e 71 180 52
e 71 196 68
e 71 197 69
e 71 198 70
e 72 73 146
e 72 89 162
e 72 90 163
e 72 91 164
e 72 107 180
e 72 108 181
e 72 109 182
e 72 125 198
e 72 126 199
e 72 127 200
e 72 143 16
e 72 144 17
e 72 145 18
e 72 161 34
e 72 162 35
e 72 163 36
e 72 179 52
e 72 180 53
e 72 181 54
e 72 197 70
e 72 198 71
e 72 199 72
e 73 74 148
e 73 90 164
e 73 91 165
e 73 92 166
e 73 108 182
e 73 109 183
e 73 110 184
e 73 126 200
e 73 127 1
e 73 128 2
e 73 144 18
e 73 145 19
e 73 146 20
e 73 162 36
e 73 163 37
e 73 164 38
e 73 180 54
e 73 181 55
e 73 182 56
e 73 198 72
e 73 199 73
e 73 200 74
e 74 75 150
e 74 91 166
e 74 92 167
e 74 93 168
e 74 109 184
e 74 110 185
e 74 111 186
e 74 127 2
e 74 128 3
e 74 129 4
e 74 145 20
e 74 146 21
e 74 147 22
e 74 163 38
e 74 164 39
e 74 165 40
e 74 181 56
e 74 182 57
e 74 183 58
e 74 199 74
e 74 200 75
e 75 76 152
e 75 92 168
e 75 93 169
e 75 94 170
e 75 110 186
e 75 111 187
e 75 112 188
e 75 128 4
e 75 129 5
e 75 130 6
e 75 146 22
e 75 147 23
e 75 148 24
e 75 164 40
e 75 165 41
e 75 166 42
e 75 182 58
e 75 183 59
e 75 184 60
e 75 200 76
e 76 77 154
e 76 93 170
e 76 94 171
e 76 95 172
e 76 111 188
e 76 112 189
e 76 113 190
e 76 129 6
e 76 130 7
e 76 131 8
e 76 147 24
e 76 148 25
e 76 149 26
e 76 165 42
e 76 166 43
e 76 167 44
e 76 183 60
e 76 184 61
e 76 185 62
e 77 78 156
e 77 94 172
e 77 95 173
e 77 96 174
e 77 112 190
e 77 113 191
e 77 114 192
e 77 130 8
e 77 131 9
e 77 132 10
e 77 148 26
e 77 149 27
e 77 150 28
e 77 166 44
e 77 167 45
e 77 168 46
e 77 184 62
e 77 185 63
e 77 186 64
e 78 79 158
e 78 95 174
e 78 96 175
e 78 97 176
e 78 113 192
e 78 114 193
e 78 115 194
e 78 131 10
e 78 132 11
e 78 133 12
e 78 149 28
e 78 150 29
e 78 151 30
e 78 167 46
e 78 168 47
e 78 169 48
e 78 185 64
e 78 186 65
e 78 187 66
e 79 80 160
e 79 96 176
e 79 97 177
e 79 98 178
e 79 114 194
e 79 115 195
e 79 116 196
e 79 132 12
e 79 133 13
e 79 134 14
e 79 150 30
e 79 151 31
e 79 152 32
e 79 168 48
e 79 169 49
e 79 170 50
e 79 186 66
e 79 187 67
e 79 188 68
e 80 81 162
e 80 97 178
e 80 98 179
e 80 99 180
e 80 115 196
e 80 116 197
e 80 117 198
e 80 133 14
e 80 134 15
e 80 135 16
e 80 151 32
e 80 152 33
e 80 153 34
e 80 169 50
e 80 170 51
e 80 171 52
e 80 187 68
e 80 188 69
e 80 189 70
e 81 82 164
e 81 98 180
e 81 99 181
e 81 100 182
e 81 116 198
e 81 117 199
e 81 118 200
e 81 134 16
e 81 135 17
e 81 136 18
e 81 152 34
e 81 153 35
e 81 154 36
e 81 170 52
e 81 171 53
e 81 172 54
e 81 188 70
e 81 189 71
e 81 190 72
e 82 83 166
e 82 99 182
e 82 100 183
e 82 101 184
e 82 117 200
e 82 118 1
e 82 119 2
e 82 135 18
e 82 136 19
e 82 137 20
e 82 153 36
e 82 154 37
e 82 155 38
e 82 171 54
e 82 172 55
e 82 173 56
e 82 189 72
e 82 190 73
e 82 191 74
e 83 84 168
e 83 100 184
e 83 101 185
e 83 102 186
e 83 118 2
e 83 119 3
e 83 120 4
e 83 136 20
e 83 137 21
e 83 138 22
e 83 154 38
e 83 155 39
e 83 156 40
e 83 172 56
e 83 173 57
e 83 174 58
e 83 190 74
e 83 191 75
e 83 192 76
e 84 85 170
e 84 101 186
e 84 102 187
e 84 103 188
e 84 119 4
e 84 120 5
e 84 121 6
e 84 137 22
e 84 138 23
e 84 139 24
e 84 155 40
e 84 156 41
e 84 157 42
e 84 173 58
e 84 174 59
e 84 175 60
e 84 191 76
e 84 192 77
e 84 193 78
e 85 86 172
e 85 102 188
e 85 103 189
e 85 104 190
e 85 120 6
e 85 121 7
e 85 122 8
e 85 138 24
e 85 139 25
e 85 140 26
e 85 156 42
e 85 157 43
e 85 158 44
e 85 174 60
e 85 175 61
e 85 176 62
e 85 192 78
e 85 193 79
e 85 194 80
e 86 87 174
e 86 103 190
e 86 104 191
e 86 105 192
e 86 121 8
e 86 122 9
e 86 123 10
e 86 139 26
e 86 140 27
e 86 141 28
e 86 157 44
e 86 158 45
e 86 159 46
e 86 175 62
e 86 176 63
e 86 177 64
e 86 193 80
e 86 194 81
e 86 195 82
e 87 88 176
e 87 104 192
e 87 105 193
e 87 106 194
e 87 122 10
e 87 123 11
e 87 124 12
e 87 140 28
e 87 141 29
e 87 142 30
e 87 158 46
e 87 159 47
e 87 160 48
e 87 176 64
e 87 177 65
e 87 178 66
e 87 194 82
e 87 195 83
e 87 196 84
e 88 89 178
e 88 105 194
e 88 106 195
e 88 107 196
e 88 123 12
e 88 124 13
e 88 125 14
e 88 141 30
e 88 142 31
e 88 143 32
e 88 159 48
e 88 160 49
e 88 161 50
e 88 177 66
e 88 178 67
e 88 179 68
e 88 195 84
e 88 196 85
e 88 197 86
e 89 90 180
e 89 106 196
e 89 107 197
e 89 108 198
e 89 124 14
e 89 125 15
e 89 126 16
e 89 142 32
e 89 143 33
e 89 144 34
e 89 160 50
e 89 161 51
e 89 162 52
e 89 178 68
e 89 179 69
e 89 180 70
e 89 196 86
e 89 197 87
e 89 198 88
e 90 91 182
e 90 107 198
e 90 108 199
e 90 109 200
e 90 125 16
e 90 126 17
e 90 127 18
e 90 143 34
e 90 144 35
e 90 145 36
e 90 161 52
e 90 162 53
e 90 163 54
e 90 179 70
e 90 180 71
e 90 181 72
e 90 197 88
e 90 198 89
e 90 199 90
e 91 92 184
e 91 108 200
e 91 109 1
e 91 110 2
e 91 126 18
e 91 127 19
e 91 128 20
e 91 144 36
e 91 145 37
e 91 146 38
e 91 162 54
e 91 163 55
e 91 164 56
e 91 180 72
e 91 181 73
e 91 182 74
e 91 198 90
e 91 199 91
e 91 200 92
e 92 93 186
e 92 109 2
e 92 110 3
e 92 111 4
e 92 127 20
e 92 128 21
e 92 129 22
e 92 145 38
e 92 146 39
e 92 147 40
e 92 163 56
e 92 164 57
e 92 165 58
e 92 181 74
e 92 182 75
e 92 183 76
e 92 199 92
e 92 200 93
e 93 94 188
e 93 110 4
e 93 111 5
e 93 112 6
e 93 128 22
e 93 129 23
e 93 130 24
e 93 146 40
e 93 147 41
e 93 148 42
e 93 164 58
e 93 165 59
e 93 166 60
e 93 182 76
e 93 183 77
e 93 184 78
e 93 200 94
e 94 95 190
e 94 111 6
e 94 112 7
e 94 113 8
e 94 129 24
e 94 130 25
e 94 131 26
e 94 147 42
e 94 148 43
e 94 149 44
e 94 165 60
e 94 166 61
e 94 167 62
e 94 183 78
e 94 184 79
e 94 185 80
e 95 96 192
e 95 112 8
e 95 113 9
e 95 114 10
e 95 130 26
e 95 131 27
e 95 132 28
e 95 148 44
e 95 149 45
e 95 150 46
e 95 166 62
e 95 167 63
e 95 168 64
e 95 184 80
e 95 185 81
e 95 186 82
e 96 97 194
e 96 113 10
e 96 114 11
e 96 115 12
e 96 131 28
e 96 132 29
e 96 133 30
e 96 149 46
e 96 150 47
e 96 151 48
e 96 167 64
e 96 168 65
e 96 169 66
e 96 185 82
e 96 186 83
e 96 187 84
e 97 98 196
e 97 114 12
e 97 115 13
e 97 116 14
e 97 132 30
e 97 133 31
e 97 134 32
e 97 150 48
e 97 151 49
e 97 152 50
e 97 168 66
e 97 169 67
e 97 170 68
e 97 186 84
e 97 187 85
e 97 188 86
e 98 99 198
e 98 115 14
e 98 116 15
e 98 117 16
e 98 133 32
e 98 134 33
e 98 135 34
e 98 151 50
e 98 152 51
e 98 153 52
e 98 169 68
e 98 170 69
e 98 171 70
e 98 187 86
e 98 188 87
e 98 189 88
e 99 100 200
e 99 116 16
e 99 117 17
e 99 118 18
e 99 134 34
e 99 135 35
e 99 136 36
e 99 152 52
e 99 153 53
e 99 154 54
e 99 170 70
e 99 171 71
e 99 172 72
e 99 188 88
e 99 189 89
e 99 190 90
e 100 101 2
e 100 117 18
e 100 118 19
e 100 119 20
e 100 135 36
e 100 136 37
e 100 137 38
e 100 153 54
e 100 154 55
e 100 155 56
e 100 171 72
e 100 172 73
e 100 173 74
e 100 189 90
e 100 190 91
e 100 191 92
e 101 102 4
e 101 118 20
e 101 119 21
e 101 120 22
e 101 136 38
e 101 137 39
e 101 138 40
e 101 154 56
e 101 155 57
e 101 156 58
e 101 172 74
e 101 173 75
e 101 174 76
e 101 190 92
e 101 191 93
e 101 192 94
e 102 103 6
e 102 119 22
e 102 120 23
e 102 121 24
e 102 137 40
e 102 138 41
e 102 139 42
e 102 155 58
e 102 156 59
e 102 157 60
e 102 173 76
e 102 174 77
e 102 175 78
e 102 191 94
e 102 192 95
e 102 193 96
e 103 104 8
e 103 120 24
e 103 121 25
e 103 122 26
e 103 138 42
e 103 139 43
e 103 140 44
e 103 156 60
e 103 157 61
e 103 158 62
e 103 174 78
e 103 175 79
e 103 176 80
e 103 192 96
e 103 193 97
e 103 194 98
e 104 105 10
e 104 121 26
e 104 122 27
e 104 123 28
e 104 139 44
e 104 140 45
e 104 141 46
e 104 157 62
e 104 158 63
e 104 159 64
e 104 175 80
e 104 176 81
e 104 177 82
e 104 193 98
e 104 194 99
e 104 195 100
e 105 106 12
e 105 122 28
e 105 123 29
e 105 124 30
e 105 140 46
e 105 141 47
e 105 142 48
e 105 158 64
e 105 159 65
e 105 160 66
e 105 176 82
e 105 177 83
e 105 178 84
e 105 194 100
e 105 195 101
e 105 196 102
e 106 107 14
e 106 123 30
e 106 124 31
e 106 125 32
e 106 141 48
e 106 142 49
e 106 143 50
e 106 159 66
e 106 160 67
e 106 161 68
e 106 177 84
e 106 178 85
e 106 179 86
e 106 195 102
e 106 196 103
e 106 197 104
e 107 108 16
e 107 124 32
e 107 125 33
e 107 126 34
e 107 142 50
e 107 143 51
e 107 144 52
e 107 160 68
e 107 161 69
e 107 162 70
e 107 178 86
e 107 179 87
e 107 180 88
e 107 196 104
e 107 197 105
e 107 198 106
e 108 109 18
e 108 125 34
e 108 126 35
e 108 127 36
e 108 143 52
e 108 144 53
e 108 145 54
e 108 161 70
e 108 162 71
e 108 163 72
e 108 179 88
e 108 180 89
e 108 181 90
e 108 197 106
e 108 198 107
e 108 199 108
e 109 110 20
e 109 126 36
e 109 127 37
e 109 128 38
e 109 144 54
e 109 145 55
e 109 146 56
e 109 162 72
e 109 163 73
e 109 164 74
e 109 180 90
e 109 181 91
e 109 182 92
e 109 198 108
e 109 199 109
e 109 200 110
e 110 111 22
e 110 127 38
e 110 128 39
e 110 129 40
e 110 145 56
e 110 146 57
e 110 147 58
e 110 163 74
e 110 164 75
e 110 165 76
e 110 181 92
e 110 182 93
e 110 183 94
e 110 199 110
e 110 200 111
e 111 112 24
e 111 128 40
e 111 129 41
e 111 130 42
e 111 146 58
e 111 147 59
e 111 148 60
e 111 164 76
e 111 165 77
e 111 166 78
e 111 182 94
e 111 183 95
e 111 184 96
e 111 200 112
e 112 113 26
e 112 129 42
e 112 130 43
e 112 131 44
e 112 147 60
e 112 148 61
e 112 149 62
e 112 165 78
e 112 166 79
e 112 167 80
e 112 183 96
e 112 184 97
e 112 185 98
e 113 114 28
e 113 130 44
e 113 131 45
e 113 132 46
e 113 148 62
e 113 149 63
e 113 150 64
e 113 166 80
e 113 167 81
e 113 168 82
e 113 184 98
e 113 185 99
e 113 186 100
e 114 115 30
e 114 131 46
e 114 132 47
e 114 133 48
e 114 149 64
e 114 150 65
e 114 151 66
e 114 167 82
e 114 168 83
e 114 169 84
e 114 185 100
e 114 186 101
e 114 187 102
e 115 116 32
e 115 132 48
e 115 133 49
e 115 134 50
e 115 150 66
e 115 151 67
e 115 152 68
e 115 168 84
e 115 169 85
e 115 170 86
e 115 186 102
e 115 187 103
e 115 188 104
e 116 117 34
e 116 133 50
e 116 134 51
e 116 135 52
e 116 151 68
e 116 152 69
e 116 153 70
e 116 169 86
e 116 170 87
e 116 171 88
e 116 187 104
e 116 188 105
e 116 189 106
e 117 118 36
e 117 134 52
e 117 135 53
e 117 136 54
e 117 152 70
e 117 153 71
e 117 154 72
e 117 170 88
e 117 171 89
e 117 172 90
e 117 188 106
e 117 189 107
e 117 190 108
e 118 119 38
e 118 135 54
e 118 136 55
e 118 137 56
e 118 153 72
e 118 154 73
e 118 155 74
e 118 171 90
e 118 172 91
e 118 173 92
e 118 189 108
e 118 190 109
e 118 191 110
e 119 120 40
e 119 136 56
e 119 137 57
e 119 138 58
e 119 154 74
e 119 155 75
e 119 156 76
e 119 172 92
e 119 173 93
e 119 174 94
e 119 190 110
e 119 191 111
e 119 192 112
e 120 121 42
e 120 137 58
e 120 138 59
e 120 139 60
e 120 155 76
e 120 156 77
e 120 157 78
e 120 173 94
e 120 174 95
e 120 175 96
e 120 191 112
e 120 192 113
e 120 193 114
e 121 122 44
e 121 138 60
e 121 139 61
e 121 140 62
e 121 156 78
e 121 157 79
e 121 158 80
e 121 174 96
e 121 175 97
e 121 176 98
e 121 192 114
e 121 193 115
e 121 194 116
e 122 123 46
e 122 139 62
e 122 140 63
e 122 141 64
e 122 157 80
e 122 158 81
e 122 159 82
e 122 175 98
e 122 176 99
e 122 177 100
e 122 193 116
e 122 194 117
e 122 195 118
e 123 124 48
e 123 140 64
e 123 141 65
e 123 142 66
e 123 158 82
e 123 159 83
e 123 160 84
e 123 176 100
e 123 177 101
e 123 178 102
e 123 194 118
e 123 195 119
e 123 196 120
e 124 125 50
e 124 141 66
e 124 142 67
e 124 143 68
e 124 159 84
e 124 160 85
e 124 161 86
e 124 177 102
e 124 178 103
e 124 179 104
e 124 195 120
e 124 196 121
e 124 197 122
e 125 126 52
e 125 142 68
e 125 143 69
e 125 144 70
e 125 160 86
e 125 161 87
e 125 162 88
e 125 178 104
e 125 179 105
e 125 180 106
e 125 196 122
e 125 197 123
e 125 198 124
e 126 127 54
e 126 143 70
e 126 144 71
e 126 145 72
e 126 161 88
e 126 162 89
e 126 163 90
e 126 179 106
e 126 180 107
e 126 181 108
e 126 197 124
e 126 198 125
e 126 199 126
e 127 128 56
e 127 144 72
e 127 145 73
e 127 146 74
e 127 162 90
e 127 163 91
e 127 164 92
e 127 180 108
e 127 181 109
e 127 182 110
e 127 198 126
e 127 199 127
e 127 200 128
e 128 129 58
e 128 145 74
e 128 146 75
e 128 147 76
e 128 163 92
e 128 164 93
e 128 165 94
e 128 181 110
e 128 182 111
e 128 183 112
e 128 199 128
e 128 200 129
e 129 130 60
e 129 146 76
e 129 147 77
e 129 148 78
e 129 164 94
e 129 165 95
e 129 166 96
e 129 182 112
e 129 183 113
e 129 184 114
e 129 200 130
e 130 131 62
e 130 147 78
e 130 148 79
e 130 149 80
e 130 165 96
e 130 166 97
e 130 167 98
e 130 183 114
e 130 184 115
e 130 185 116
e 131 132 64
e 131 148 80
e 131 149 81
e 131 150 82
e 131 166 98
e 131 167 99
e 131 168 100
e 131 184 116
e 131 185 117
e 131 186 118
e 132 133 66
e 132 149 82
e 132 150 83
e 132 151 84
e 132 167 100
e 132 168 101
e 132 169 102
e 132 185 118
e 132 186 119
e 132 187 120
e 133 134 68
e 133 150 84
e 133 151 85
e 133 152 86
e 133 168 102
e 133 169 103
e 133 170 104
e 133 186 120
e 133 187 121
e 133 188 122
e 134 135 70
e 134 151 86
e 134 152 87
e 134 153 88
e 134 169 104
e 134 170 105
e 134 171 106
e 134 187 122
e 134 188 123
e 134 189 124
e 135 136 72
e 135 152 88
e 135 153 89
e 135 154 90
e 135 170 106
e 135 171 107
e 135 172 108
e 135 188 124
e 135 189 125
e 135 190 126
e 136 137 74
e 136 153 90
e 136 154 91
e 136 155 92
e 136 171 108
e 136 172 109
e 136 173 110
e 136 189 126
e 136 190 127
e 136 191 128
e 137 138 76
e 137 154 92
e 137 155 93
e 137 156 94
e 137 172 110
e 137 173 111
e 137 174 112
e 137 190 128
e 137 191 129
e 137 192 130
e 138 139 78
e 138 155 94
e 138 156 95
e 138 157 96
e 138 173 112
e 138 174 113
e 138 175 114
e 138 191 130
e 138 192 131
e 138 193 132
e 139 140 80
e 139 156 96
e 139 157 97
e 139 158 98
e 139 174 114
e 139 175 115
e 139 176 116
e 139 192 132
e 139 193 133
e 139 194 134
e 140 141 82
e 140 157 98
e 140 158 99
e 140 159 100
e 140 175 116
e 140 176 117
e 140 177 118
e 140 193 134
e 140 194 135
e 140 195 136
e 141 142 84
e 141 158 100
e 141 159 101
e 141 160 102
e 141 176 118
e 141 177 119
e 141 178 120
e 141 194 136
e 141 195 137
e 141 196 138
e 142 143 86
e 142 159 102
e 142 160 103
e 142 161 104
e 142 177 120
e 142 178 121
e 142 179 122
e 142 195 138
e 142 196 139
e 142 197 140
e 143 144 88
e 143 160 104
e 143 161 105
e 143 162 106
e 143 178 122
e 143 179 123
e 143 180 124
e 143 196 140
e 143 197 141
e 143 198 142
e 144 145 90
e 144 161 106
e 144 162 107
e 144 163 108
e 144 179 124
e 144 180 125
e 144 181 126
e 144 197 142
e 144 198 143
e 144 199 144
e 145 146 92
e 145 162 108
e 145 163 109
e 145 164 110
e 145 180 126
e 145 181 127
e 145 182 128
e 145 198 144
e 145 199 145
e 145 200 146
e 146 147 94
e 146 163 110
e 146 164 111
e 146 165 112
e 146 181 128
e 146 182 129
e 146 183 130
e 146 199 146
e 146 200 147
e 147 148 96
e 147 164 112
e 147 165 113
e 147 166 114
e 147 182 130
e 147 183 131
e 147 184 132
e 147 200 148
e 148 149 98
e 148 165 114
e 148 166 115
e 148 167 116
e 148 183 132
e 148 184 133
e 148 185 134
e 149 150 100
e 149 166 116
e 149 167 117
e 149 168 118
e 149 184 134
e 149 185 135
e 149 186 136
e 150 151 102
e 150 167 118
e 150 168 119
e 150 169 120
e 150 185 136
e 150 186 137
e 150 187 138
e 151 152 104
e 151 168 120
e 151 169 121
e 151 170 122
e 151 186 138
e 151 187 139
e 151 188 140
e 152 153 106
e 152 169 122
e 152 170 123
e 152 171 124
e 152 187 140
e 152 188 141
e 152 189 142
e 153 154 108
e 153 170 124
e 153 171 125
e 153 172 126
e 153 188 142
e 153 189 143
e 153 190 144
e 154 155 110
e 154 171 126
e 154 172 127
e 154 173 128
e 154 189 144
e 154 190 145
e 154 191 146
e 155 156 112
e 155 172 128
e 155 173 129
e 155 174 130
e 155 190 146
e 155 191 147
e 155 192 148
e 156 157 114
e 156 173 130
e 156 174 131
e 156 175 132
e 156 191 148
e 156 192 149
e 156 193 150
e 157 158 116
e 157 174 132
e 157 175 133
e 157 176 134
e 157 192 150
e 157 193 151
e 157 194 152
e 158 159 118
e 158 175 134
e 158 176 135
e 158 177 136
e 158 193 152
e 158 194 153
e 158 195 154
e 159 160 120
e 159 176 136
e 159 177 137
e 159 178 138
e 159 194 154
e 159 195 155
e 159 196 156
e 160 161 122
e 160 177 138
e 160 178 139
e 160 179 140
e 160 195 156
e 160 196 157
e 160 197 158
e 161 162 124
e 161 178 140
e 161 179 141
e 161 180 142
e 161 196 158
e 161 197 159
e 161 198 160
e 162 163 126
e 162 179 142
e 162 180 143
e 162 181 144
e 162 197 160
e 162 198 161
e 162 199 162
e 163 164 128
e 163 180 144
e 163 181 145
e 163 182 146
e 163 198 162
e 163 199 163
e 163 200 164
e 164 165 130
e 164 181 146
e 164 182 147
e 164 183 148
e 164 199 164
e 164 200 165
e 165 166 132
e 165 182 148
e 165 183 149
e 165 184 150
e 165 200 166
e 166 167 134
e 166 183 150
e 166 184 151
e 166 185 152
e 167 168 136
e 167 184 152
e 167 185 153
e 167 186 154
e 168 169 138
e 168 185 154
e 168 186 155
e 168 187 156
e 169 170 140
e 169 186 156
e 169 187 157
e 169 188 158
e 170 171 142
e 170 187 158
e 170 188 159
e 170 189 160
e 171 172 144
e 171 188 160
e 171 189 161
e 171 190 162
e 172 173 146
e 172 189 162
e 172 190 163
e 172 191 164
e 173 174 148
e 173 190 164
e 173 191 165
e 173 192 166
e 174 175 150
e 174 191 166
e 174 192 167
e 174 193 168
e 175 176 152
e 175 192 168
e 175 193 169
e 175 194 170
e 176 177 154
e 176 193 170
e 176 194 171
e 176 195 172
e 177 178 156
e 177 194 172
e 177 195 173
e 177 196 174
e 178 179 158
e 178 195 174
e 178 196 175
e 178 197 176
e 179 180 160
e 179 196 176
e 179 197 177
e 179 198 178
e 180 181 162
e 180 197 178
e 180 198 179
e 180 199 180
e 181 182 164
e 181 198 180
e 181 199 181
e 181 200 182
e 182 183 166
e 182 199 182
e 182 200 183
e 183 184 168
e 183 200 184
e 184 185 170
e 185 186 172
e 186 187 174
e 187 188 176
e 188 189 178
e 189 190 180
e 190 191 182
e 191 192 184
e 192 193 186
e 193 194 188
e 194 195 190
e 195 196 192
e 196 197 194
e 197 198 196
e 198 199 198
e 199 200 200
n 1 0
n 2 0
n 3 0
n 4 0
n 5 0
n 6 0
n 7 0
n 8 0
n 9 0
n 10 0
n 11 0
n 12 0
n 13 0
n 14 0
n 15 0
n 16 0
n 17 0
n 18 0
n 19 0
n 20 0
n 21 0
n 22 0
n 23 0
n 24 0
n 25 0
n 26 0
n 27 0
n 28 0
n 29 0
n 30 0
n 31 0
n 32 0
n 33 0
n 34 0
n 35 0
n 36 0
n 37 0
n 38 0
n 39 0
n 40 0
n 41 0
n 42 0
n 43 0
n 44 0
n 45 0
n 46 0
n 47 0
n 48 0
n 49 0
n 50 0
n 51 0
n 52 0
n 53 0
n 54 0
n 55 0
n 56 0
n 57 0
n 58 0
n 59 0
n 60 0
n 61 0
n 62 0
n 63 0
n 64 0
n 65 0
n 66 0
n 67 0
n 68 0
n 69 0
n 70 0
n 71 0
n 72 0
n 73 0
n 74 0
n 75 0
n 76 0
n 77 0
n 78 0
n 79 0
n 80 0
n 81 0
n 82 0
n 83 0
n 84 0
n 85 0
n 86 0
n 87 0
n 88 0
n 89 0
n 90 0
n 91 0
n 92 0
n 93 0
n 94 0
n 95 0
n 96 0
n 97 0
n 98 0
n 99 0
n 100 0
n 101 0
n 102 0
n 103 0
n 104 0
n 105 0
n 106 0
n 107 0
n 108 0
n 109 0
n 110 0
n 111 0
n 112 0
n 113 0
n 114 0
n 115 0
n 116 0
n 117 0
n 118 0
n 119 0
n 120 0
n 121 0
n 122 0
n 123 0
n 124 0
n 125 0
n 126 0
n 127 0
n 128 0
n 129 0
n 130 0
n 131 0
n 132 0
n 133 0
n 134 0
n 135 0
n 136 0
n 137 0
n 138 0
n 139 0
n 140 0
n 141 0
n 142 0
n 143 0
n 144 0
n 145 0
n 146 0
n 147 0
n 148 0
n 149 0
n 150 0
n 151 0
n 152 0
n 153 0
n 154 0
n 155 0
n 156 0
n 157 0
n 158 0
n 159 0
n 160 0
n 161 0
n 162 0
n 163 0
n 164 0
n 165 0
n 166 0
n 167 0
n 168 0
n 169 0
n 170 0
n 171 0
n 172 0
n 173 0
n 174 0
n 175 0
n 176 0
n 177 0
n 178 0
n 179 0
n 180 0
n 181 0
n 182 0
n 183 0
n 184 0
n 185 0
n 186 0
n 187 0
n 188 0
n 189 0
n 190 0
n 191 0
n 192 0
n 193 0
n 194 0
n 195 0
n 196 0
n 197 0
n 198 0
n 199 0
n 200 0
