p edge 120 5460
e 1 6 8
e 1 9 11
e 1 10 12
e 1 13 15
e 1 14 16
e 1 15 17
e 1 18 20
e 1 19 21
e 1 20 22
e 1 21 23
e 1 24 26
e 1 25 27
e 1 26 28
e 1 27 29
e 1 28 30
e 1 31 33
e 1 32 34
e 1 33 35
e 1 34 36
e 1 35 37
e 1 36 38
e 1 39 41
e 1 40 42
e 1 41 43
e 1 42 44
e 1 43 45
e 1 44 46
e 1 45 47
e 1 48 50
e 1 49 51
e 1 50 52
e 1 51 53
e 1 52 54
e 1 53 55
e 1 54 56
e 1 55 57
e 1 58 60
e 1 59 61
e 1 60 62
e 1 61 63
e 1 62 64
e 1 63 65
e 1 64 66
e 1 65 67
e 1 66 68
e 1 69 71
e 1 70 72
e 1 71 73
e 1 72 74
e 1 73 75
e 1 74 76
e 1 75 77
e 1 76 78
e 1 77 79
e 1 78 80
e 1 81 83
e 1 82 84
e 1 83 85
e 1 84 86
e 1 85 87
e 1 86 88
e 1 87 89
e 1 88 90
e 1 89 91
e 1 90 92
e 1 91 93
e 1 94 96
e 1 95 97
e 1 96 98
e 1 97 99
e 1 98 100
e 1 99 101
e 1 100 102
e 1 101 103
e 1 102 104
e 1 103 105
e 1 104 106
e 1 105 107
e 1 108 110
e 1 109 111
e 1 110 112
e 1 111 113
e 1 112 114
e 1 113 115
e 1 114 116
e 1 115 117
e 1 116 118
e 1 117 119
e 1 118 120
e 1 119 121
e 1 120 122
e 2 5 8
e 2 8 11
e 2 10 13
e 2 12 15
e 2 14 17
e 2 15 18
e 2 17 20
e 2 19 22
e 2 20 23
e 2 21 24
e 2 23 26
e 2 25 28
e 2 26 29
e 2 27 30
e 2 28 31
e 2 30 33
e 2 32 35
e 2 33 36
e 2 34 37
e 2 35 38
e 2 36 39
e 2 38 41
e 2 40 43
e 2 41 44
e 2 42 45
e 2 43 46
e 2 44 47
e 2 45 48
e 2 47 50
e 2 49 52
e 2 50 53
e 2 51 54
e 2 52 55
e 2 53 56
e 2 54 57
e 2 55 58
e 2 57 60
e 2 59 62
e 2 60 63
e 2 61 64
e 2 62 65
e 2 63 66
e 2 64 67
e 2 65 68
e 2 66 69
e 2 68 71
e 2 70 73
e 2 71 74
e 2 72 75
e 2 73 76
e 2 74 77
e 2 75 78
e 2 76 79
e 2 77 80
e 2 78 81
e 2 80 83
e 2 82 85
e 2 83 86
e 2 84 87
e 2 85 88
e 2 86 89
e 2 87 90
e 2 88 91
e 2 89 92
e 2 90 93
e 2 91 94
e 2 93 96
e 2 95 98
e 2 96 99
e 2 97 100
e 2 98 101
e 2 99 102
e 2 100 103
e 2 101 104
e 2 102 105
e 2 103 106
e 2 104 107
e 2 105 108
e 2 107 110
e 2 109 112
e 2 110 113
e 2 111 114
e 2 112 115
e 2 113 116
e 2 114 117
e 2 115 118
e 2 116 119
e 2 117 120
e 2 118 121
e 2 119 122
e 2 120 123
e 3 4 8
e 3 7 11
e 3 10 14
e 3 11 15
e 3 14 18
e 3 15 19
e 3 16 20
e 3 19 23
e 3 20 24
e 3 21 25
e 3 22 26
e 3 25 29
e 3 26 30
e 3 27 31
e 3 28 32
e 3 29 33
e 3 32 36
e 3 33 37
e 3 34 38
e 3 35 39
e 3 36 40
e 3 37 41
e 3 40 44
e 3 41 45
e 3 42 46
e 3 43 47
e 3 44 48
e 3 45 49
e 3 46 50
e 3 49 53
e 3 50 54
e 3 51 55
e 3 52 56
e 3 53 57
e 3 54 58
e 3 55 59
e 3 56 60
e 3 59 63
e 3 60 64
e 3 61 65
e 3 62 66
e 3 63 67
e 3 64 68
e 3 65 69
e 3 66 70
e 3 67 71
e 3 70 74
e 3 71 75
e 3 72 76
e 3 73 77
e 3 74 78
e 3 75 79
e 3 76 80
e 3 77 81
e 3 78 82
e 3 79 83
e 3 82 86
e 3 83 87
e 3 84 88
e 3 85 89
e 3 86 90
e 3 87 91
e 3 88 92
e 3 89 93
e 3 90 94
e 3 91 95
e 3 92 96
e 3 95 99
e 3 96 100
e 3 97 101
e 3 98 102
e 3 99 103
e 3 100 104
e 3 101 105
e 3 102 106
e 3 103 107
e 3 104 108
e 3 105 109
e 3 106 110
e 3 109 113
e 3 110 114
e 3 111 115
e 3 112 116
e 3 113 117
e 3 114 118
e 3 115 119
e 3 116 120
e 3 117 121
e 3 118 122
e 3 119 123
e 3 120 124
e 4 8 13
e 4 9 14
e 4 12 17
e 4 13 18
e 4 15 20
e 4 17 22
e 4 18 23
e 4 20 25
e 4 21 26
e 4 23 28
e 4 24 29
e 4 26 31
e 4 27 32
e 4 28 33
e 4 30 35
e 4 31 36
e 4 33 38
e 4 34 39
e 4 35 40
e 4 36 41
e 4 38 43
e 4 39 44
e 4 41 46
e 4 42 47
e 4 43 48
e 4 44 49
e 4 45 50
e 4 47 52
e 4 48 53
e 4 50 55
e 4 51 56
e 4 52 57
e 4 53 58
e 4 54 59
e 4 55 60
e 4 57 62
e 4 58 63
e 4 60 65
e 4 61 66
e 4 62 67
e 4 63 68
e 4 64 69
e 4 65 70
e 4 66 71
e 4 68 73
e 4 69 74
e 4 71 76
e 4 72 77
e 4 73 78
e 4 74 79
e 4 75 80
e 4 76 81
e 4 77 82
e 4 78 83
e 4 80 85
e 4 81 86
e 4 83 88
e 4 84 89
e 4 85 90
e 4 86 91
e 4 87 92
e 4 88 93
e 4 89 94
e 4 90 95
e 4 91 96
e 4 93 98
e 4 94 99
e 4 96 101
e 4 97 102
e 4 98 103
e 4 99 104
e 4 100 105
e 4 101 106
e 4 102 107
e 4 103 108
e 4 104 109
e 4 105 110
e 4 107 112
e 4 108 113
e 4 110 115
e 4 111 116
e 4 112 117
e 4 113 118
e 4 114 119
e 4 115 120
e 4 116 121
e 4 117 122
e 4 118 123
e 4 119 124
e 4 120 125
e 5 7 13
e 5 9 15
e 5 11 17
e 5 13 19
e 5 15 21
e 5 16 22
e 5 18 24
e 5 20 26
e 5 21 27
e 5 22 28
e 5 24 30
e 5 26 32
e 5 27 33
e 5 28 34
e 5 29 35
e 5 31 37
e 5 33 39
e 5 34 40
e 5 35 41
e 5 36 42
e 5 37 43
e 5 39 45
e 5 41 47
e 5 42 48
e 5 43 49
e 5 44 50
e 5 45 51
e 5 46 52
e 5 48 54
e 5 50 56
e 5 51 57
e 5 52 58
e 5 53 59
e 5 54 60
e 5 55 61
e 5 56 62
e 5 58 64
e 5 60 66
e 5 61 67
e 5 62 68
e 5 63 69
e 5 64 70
e 5 65 71
e 5 66 72
e 5 67 73
e 5 69 75
e 5 71 77
e 5 72 78
e 5 73 79
e 5 74 80
e 5 75 81
e 5 76 82
e 5 77 83
e 5 78 84
e 5 79 85
e 5 81 87
e 5 83 89
e 5 84 90
e 5 85 91
e 5 86 92
e 5 87 93
e 5 88 94
e 5 89 95
e 5 90 96
e 5 91 97
e 5 92 98
e 5 94 100
e 5 96 102
e 5 97 103
e 5 98 104
e 5 99 105
e 5 100 106
e 5 101 107
e 5 102 108
e 5 103 109
e 5 104 110
e 5 105 111
e 5 106 112
e 5 108 114
e 5 110 116
e 5 111 117
e 5 112 118
e 5 113 119
e 5 114 120
e 5 115 121
e 5 116 122
e 5 117 123
e 5 118 124
e 5 119 125
e 5 120 126
e 6 7 14
e 6 8 15
e 6 11 18
e 6 12 19
e 6 15 22
e 6 16 23
e 6 17 24
e 6 20 27
e 6 21 28
e 6 22 29
e 6 23 30
e 6 26 33
e 6 27 34
e 6 28 35
e 6 29 36
e 6 30 37
e 6 33 40
e 6 34 41
e 6 35 42
e 6 36 43
e 6 37 44
e 6 38 45
e 6 41 48
e 6 42 49
e 6 43 50
e 6 44 51
e 6 45 52
e 6 46 53
e 6 47 54
e 6 50 57
e 6 51 58
e 6 52 59
e 6 53 60
e 6 54 61
e 6 55 62
e 6 56 63
e 6 57 64
e 6 60 67
e 6 61 68
e 6 62 69
e 6 63 70
e 6 64 71
e 6 65 72
e 6 66 73
e 6 67 74
e 6 68 75
e 6 71 78
e 6 72 79
e 6 73 80
e 6 74 81
e 6 75 82
e 6 76 83
e 6 77 84
e 6 78 85
e 6 79 86
e 6 80 87
e 6 83 90
e 6 84 91
e 6 85 92
e 6 86 93
e 6 87 94
e 6 88 95
e 6 89 96
e 6 90 97
e 6 91 98
e 6 92 99
e 6 93 100
e 6 96 103
e 6 97 104
e 6 98 105
e 6 99 106
e 6 100 107
e 6 101 108
e 6 102 109
e 6 103 110
e 6 104 111
e 6 105 112
e 6 106 113
e 6 107 114
e 6 110 117
e 6 111 118
e 6 112 119
e 6 113 120
e 6 114 121
e 6 115 122
e 6 116 123
e 6 117 124
e 6 118 125
e 6 119 126
e 6 120 127
e 7 12 20
e 7 13 21
e 7 14 22
e 7 17 25
e 7 18 26
e 7 19 27
e 7 21 29
e 7 23 31
e 7 24 32
e 7 25 33
e 7 27 35
e 7 28 36
e 7 30 38
e 7 31 39
e 7 32 40
e 7 34 42
e 7 35 43
e 7 36 44
e 7 38 46
e 7 39 47
e 7 40 48
e 7 42 50
e 7 43 51
e 7 44 52
e 7 45 53
e 7 47 55
e 7 48 56
e 7 49 57
e 7 51 59
e 7 52 60
e 7 53 61
e 7 54 62
e 7 55 63
e 7 57 65
e 7 58 66
e 7 59 67
e 7 61 69
e 7 62 70
e 7 63 71
e 7 64 72
e 7 65 73
e 7 66 74
e 7 68 76
e 7 69 77
e 7 70 78
e 7 72 80
e 7 73 81
e 7 74 82
e 7 75 83
e 7 76 84
e 7 77 85
e 7 78 86
e 7 80 88
e 7 81 89
e 7 82 90
e 7 84 92
e 7 85 93
e 7 86 94
e 7 87 95
e 7 88 96
e 7 89 97
e 7 90 98
e 7 91 99
e 7 93 101
e 7 94 102
e 7 95 103
e 7 97 105
e 7 98 106
e 7 99 107
e 7 100 108
e 7 101 109
e 7 102 110
e 7 103 111
e 7 104 112
e 7 105 113
e 7 107 115
e 7 108 116
e 7 109 117
e 7 111 119
e 7 112 120
e 7 113 121
e 7 114 122
e 7 115 123
e 7 116 124
e 7 117 125
e 7 118 126
e 7 119 127
e 7 120 128
e 8 11 20
e 8 13 22
e 8 14 23
e 8 16 25
e 8 18 27
e 8 19 28
e 8 21 30
e 8 22 31
e 8 24 33
e 8 25 34
e 8 27 36
e 8 28 37
e 8 29 38
e 8 31 40
e 8 32 41
e 8 34 43
e 8 35 44
e 8 36 45
e 8 37 46
e 8 39 48
e 8 40 49
e 8 42 51
e 8 43 52
e 8 44 53
e 8 45 54
e 8 46 55
e 8 48 57
e 8 49 58
e 8 51 60
e 8 52 61
e 8 53 62
e 8 54 63
e 8 55 64
e 8 56 65
e 8 58 67
e 8 59 68
e 8 61 70
e 8 62 71
e 8 63 72
e 8 64 73
e 8 65 74
e 8 66 75
e 8 67 76
e 8 69 78
e 8 70 79
e 8 72 81
e 8 73 82
e 8 74 83
e 8 75 84
e 8 76 85
e 8 77 86
e 8 78 87
e 8 79 88
e 8 81 90
e 8 82 91
e 8 84 93
e 8 85 94
e 8 86 95
e 8 87 96
e 8 88 97
e 8 89 98
e 8 90 99
e 8 91 100
e 8 92 101
e 8 94 103
e 8 95 104
e 8 97 106
e 8 98 107
e 8 99 108
e 8 100 109
e 8 101 110
e 8 102 111
e 8 103 112
e 8 104 113
e 8 105 114
e 8 106 115
e 8 108 117
e 8 109 118
e 8 111 120
e 8 112 121
e 8 113 122
e 8 114 123
e 8 115 124
e 8 116 125
e 8 117 126
e 8 118 127
e 8 119 128
e 8 120 129
e 9 11 21
e 9 12 22
e 9 14 24
e 9 16 26
e 9 17 27
e 9 19 29
e 9 21 31
e 9 22 32
e 9 23 33
e 9 25 35
e 9 27 37
e 9 28 38
e 9 29 39
e 9 30 40
e 9 32 42
e 9 34 44
e 9 35 45
e 9 36 46
e 9 37 47
e 9 38 48
e 9 40 50
e 9 42 52
e 9 43 53
e 9 44 54
e 9 45 55
e 9 46 56
e 9 47 57
e 9 49 59
e 9 51 61
e 9 52 62
e 9 53 63
e 9 54 64
e 9 55 65
e 9 56 66
e 9 57 67
e 9 59 69
e 9 61 71
e 9 62 72
e 9 63 73
e 9 64 74
e 9 65 75
e 9 66 76
e 9 67 77
e 9 68 78
e 9 70 80
e 9 72 82
e 9 73 83
e 9 74 84
e 9 75 85
e 9 76 86
e 9 77 87
e 9 78 88
e 9 79 89
e 9 80 90
e 9 82 92
e 9 84 94
e 9 85 95
e 9 86 96
e 9 87 97
e 9 88 98
e 9 89 99
e 9 90 100
e 9 91 101
e 9 92 102
e 9 93 103
e 9 95 105
e 9 97 107
e 9 98 108
e 9 99 109
e 9 100 110
e 9 101 111
e 9 102 112
e 9 103 113
e 9 104 114
e 9 105 115
e 9 106 116
e 9 107 117
e 9 109 119
e 9 111 121
e 9 112 122
e 9 113 123
e 9 114 124
e 9 115 125
e 9 116 126
e 9 117 127
e 9 118 128
e 9 119 129
e 9 120 130
e 10 11 22
e 10 12 23
e 10 13 24
e 10 16 27
e 10 17 28
e 10 18 29
e 10 21 32
e 10 22 33
e 10 23 34
e 10 24 35
e 10 27 38
e 10 28 39
e 10 29 40
e 10 30 41
e 10 31 42
e 10 34 45
e 10 35 46
e 10 36 47
e 10 37 48
e 10 38 49
e 10 39 50
e 10 42 53
e 10 43 54
e 10 44 55
e 10 45 56
e 10 46 57
e 10 47 58
e 10 48 59
e 10 51 62
e 10 52 63
e 10 53 64
e 10 54 65
e 10 55 66
e 10 56 67
e 10 57 68
e 10 58 69
e 10 61 72
e 10 62 73
e 10 63 74
e 10 64 75
e 10 65 76
e 10 66 77
e 10 67 78
e 10 68 79
e 10 69 80
e 10 72 83
e 10 73 84
e 10 74 85
e 10 75 86
e 10 76 87
e 10 77 88
e 10 78 89
e 10 79 90
e 10 80 91
e 10 81 92
e 10 84 95
e 10 85 96
e 10 86 97
e 10 87 98
e 10 88 99
e 10 89 100
e 10 90 101
e 10 91 102
e 10 92 103
e 10 93 104
e 10 94 105
e 10 97 108
e 10 98 109
e 10 99 110
e 10 100 111
e 10 101 112
e 10 102 113
e 10 103 114
e 10 104 115
e 10 105 116
e 10 106 117
e 10 107 118
e 10 108 119
e 10 111 122
e 10 112 123
e 10 113 124
e 10 114 125
e 10 115 126
e 10 116 127
e 10 117 128
e 10 118 129
e 10 119 130
e 10 120 131
e 11 17 29
e 11 18 30
e 11 19 31
e 11 20 32
e 11 23 35
e 11 24 36
e 11 25 37
e 11 26 38
e 11 28 40
e 11 30 42
e 11 31 43
e 11 32 44
e 11 33 45
e 11 35 47
e 11 36 48
e 11 38 50
e 11 39 51
e 11 40 52
e 11 41 53
e 11 43 55
e 11 44 56
e 11 45 57
e 11 47 59
e 11 48 60
e 11 49 61
e 11 50 62
e 11 52 64
e 11 53 65
e 11 54 66
e 11 55 67
e 11 57 69
e 11 58 70
e 11 59 71
e 11 60 72
e 11 62 74
e 11 63 75
e 11 64 76
e 11 65 77
e 11 66 78
e 11 68 80
e 11 69 81
e 11 70 82
e 11 71 83
e 11 73 85
e 11 74 86
e 11 75 87
e 11 76 88
e 11 77 89
e 11 78 90
e 11 80 92
e 11 81 93
e 11 82 94
e 11 83 95
e 11 85 97
e 11 86 98
e 11 87 99
e 11 88 100
e 11 89 101
e 11 90 102
e 11 91 103
e 11 93 105
e 11 94 106
e 11 95 107
e 11 96 108
e 11 98 110
e 11 99 111
e 11 100 112
e 11 101 113
e 11 102 114
e 11 103 115
e 11 104 116
e 11 105 117
e 11 107 119
e 11 108 120
e 11 109 121
e 11 110 122
e 11 112 124
e 11 113 125
e 11 114 126
e 11 115 127
e 11 116 128
e 11 117 129
e 11 118 130
e 11 119 131
e 11 120 132
e 12 16 29
e 12 18 31
e 12 19 32
e 12 20 33
e 12 22 35
e 12 24 37
e 12 25 38
e 12 26 39
e 12 28 41
e 12 29 42
e 12 31 44
e 12 32 45
e 12 33 46
e 12 35 48
e 12 36 49
e 12 37 50
e 12 39 52
e 12 40 53
e 12 41 54
e 12 43 56
e 12 44 57
e 12 45 58
e 12 46 59
e 12 48 61
e 12 49 62
e 12 50 63
e 12 52 65
e 12 53 66
e 12 54 67
e 12 55 68
e 12 56 69
e 12 58 71
e 12 59 72
e 12 60 73
e 12 62 75
e 12 63 76
e 12 64 77
e 12 65 78
e 12 66 79
e 12 67 80
e 12 69 82
e 12 70 83
e 12 71 84
e 12 73 86
e 12 74 87
e 12 75 88
e 12 76 89
e 12 77 90
e 12 78 91
e 12 79 92
e 12 81 94
e 12 82 95
e 12 83 96
e 12 85 98
e 12 86 99
e 12 87 100
e 12 88 101
e 12 89 102
e 12 90 103
e 12 91 104
e 12 92 105
e 12 94 107
e 12 95 108
e 12 96 109
e 12 98 111
e 12 99 112
e 12 100 113
e 12 101 114
e 12 102 115
e 12 103 116
e 12 104 117
e 12 105 118
e 12 106 119
e 12 108 121
e 12 109 122
e 12 110 123
e 12 112 125
e 12 113 126
e 12 114 127
e 12 115 128
e 12 116 129
e 12 117 130
e 12 118 131
e 12 119 132
e 12 120 133
e 13 16 30
e 13 17 31
e 13 19 33
e 13 20 34
e 13 22 36
e 13 23 37
e 13 25 39
e 13 26 40
e 13 28 42
e 13 29 43
e 13 30 44
e 13 32 46
e 13 33 47
e 13 35 49
e 13 36 50
e 13 37 51
e 13 38 52
e 13 40 54
e 13 41 55
e 13 43 57
e 13 44 58
e 13 45 59
e 13 46 60
e 13 47 61
e 13 49 63
e 13 50 64
e 13 52 66
e 13 53 67
e 13 54 68
e 13 55 69
e 13 56 70
e 13 57 71
e 13 59 73
e 13 60 74
e 13 62 76
e 13 63 77
e 13 64 78
e 13 65 79
e 13 66 80
e 13 67 81
e 13 68 82
e 13 70 84
e 13 71 85
e 13 73 87
e 13 74 88
e 13 75 89
e 13 76 90
e 13 77 91
e 13 78 92
e 13 79 93
e 13 80 94
e 13 82 96
e 13 83 97
e 13 85 99
e 13 86 100
e 13 87 101
e 13 88 102
e 13 89 103
e 13 90 104
e 13 91 105
e 13 92 106
e 13 93 107
e 13 95 109
e 13 96 110
e 13 98 112
e 13 99 113
e 13 100 114
e 13 101 115
e 13 102 116
e 13 103 117
e 13 104 118
e 13 105 119
e 13 106 120
e 13 107 121
e 13 109 123
e 13 110 124
e 13 112 126
e 13 113 127
e 13 114 128
e 13 115 129
e 13 116 130
e 13 117 131
e 13 118 132
e 13 119 133
e 13 120 134
e 14 16 31
e 14 17 32
e 14 18 33
e 14 20 35
e 14 22 37
e 14 23 38
e 14 24 39
e 14 26 41
e 14 28 43
e 14 29 44
e 14 30 45
e 14 31 46
e 14 33 48
e 14 35 50
e 14 36 51
e 14 37 52
e 14 38 53
e 14 39 54
e 14 41 56
e 14 43 58
e 14 44 59
e 14 45 60
e 14 46 61
e 14 47 62
e 14 48 63
e 14 50 65
e 14 52 67
e 14 53 68
e 14 54 69
e 14 55 70
e 14 56 71
e 14 57 72
e 14 58 73
e 14 60 75
e 14 62 77
e 14 63 78
e 14 64 79
e 14 65 80
e 14 66 81
e 14 67 82
e 14 68 83
e 14 69 84
e 14 71 86
e 14 73 88
e 14 74 89
e 14 75 90
e 14 76 91
e 14 77 92
e 14 78 93
e 14 79 94
e 14 80 95
e 14 81 96
e 14 83 98
e 14 85 100
e 14 86 101
e 14 87 102
e 14 88 103
e 14 89 104
e 14 90 105
e 14 91 106
e 14 92 107
e 14 93 108
e 14 94 109
e 14 96 111
e 14 98 113
e 14 99 114
e 14 100 115
e 14 101 116
e 14 102 117
e 14 103 118
e 14 104 119
e 14 105 120
e 14 106 121
e 14 107 122
e 14 108 123
e 14 110 125
e 14 112 127
e 14 113 128
e 14 114 129
e 14 115 130
e 14 116 131
e 14 117 132
e 14 118 133
e 14 119 134
e 14 120 135
e 15 16 32
e 15 17 33
e 15 18 34
e 15 19 35
e 15 22 38
e 15 23 39
e 15 24 40
e 15 25 41
e 15 28 44
e 15 29 45
e 15 30 46
e 15 31 47
e 15 32 48
e 15 35 51
e 15 36 52
e 15 37 53
e 15 38 54
e 15 39 55
e 15 40 56
e 15 43 59
e 15 44 60
e 15 45 61
e 15 46 62
e 15 47 63
e 15 48 64
e 15 49 65
e 15 52 68
e 15 53 69
e 15 54 70
e 15 55 71
e 15 56 72
e 15 57 73
e 15 58 74
e 15 59 75
e 15 62 78
e 15 63 79
e 15 64 80
e 15 65 81
e 15 66 82
e 15 67 83
e 15 68 84
e 15 69 85
e 15 70 86
e 15 73 89
e 15 74 90
e 15 75 91
e 15 76 92
e 15 77 93
e 15 78 94
e 15 79 95
e 15 80 96
e 15 81 97
e 15 82 98
e 15 85 101
e 15 86 102
e 15 87 103
e 15 88 104
e 15 89 105
e 15 90 106
e 15 91 107
e 15 92 108
e 15 93 109
e 15 94 110
e 15 95 111
e 15 98 114
e 15 99 115
e 15 100 116
e 15 101 117
e 15 102 118
e 15 103 119
e 15 104 120
e 15 105 121
e 15 106 122
e 15 107 123
e 15 108 124
e 15 109 125
e 15 112 128
e 15 113 129
e 15 114 130
e 15 115 131
e 15 116 132
e 15 117 133
e 15 118 134
e 15 119 135
e 15 120 136
e 16 23 40
e 16 24 41
e 16 25 42
e 16 26 43
e 16 27 44
e 16 30 47
e 16 31 48
e 16 32 49
e 16 33 50
e 16 34 51
e 16 36 53
e 16 38 55
e 16 39 56
e 16 40 57
e 16 41 58
e 16 42 59
e 16 44 61
e 16 45 62
e 16 47 64
e 16 48 65
e 16 49 66
e 16 50 67
e 16 51 68
e 16 53 70
e 16 54 71
e 16 55 72
e 16 57 74
e 16 58 75
e 16 59 76
e 16 60 77
e 16 61 78
e 16 63 80
e 16 64 81
e 16 65 82
e 16 66 83
e 16 68 85
e 16 69 86
e 16 70 87
e 16 71 88
e 16 72 89
e 16 74 91
e 16 75 92
e 16 76 93
e 16 77 94
e 16 78 95
e 16 80 97
e 16 81 98
e 16 82 99
e 16 83 100
e 16 84 101
e 16 86 103
e 16 87 104
e 16 88 105
e 16 89 106
e 16 90 107
e 16 91 108
e 16 93 110
e 16 94 111
e 16 95 112
e 16 96 113
e 16 97 114
e 16 99 116
e 16 100 117
e 16 101 118
e 16 102 119
e 16 103 120
e 16 104 121
e 16 105 122
e 16 107 124
e 16 108 125
e 16 109 126
e 16 110 127
e 16 111 128
e 16 113 130
e 16 114 131
e 16 115 132
e 16 116 133
e 16 117 134
e 16 118 135
e 16 119 136
e 16 120 137
e 17 22 40
e 17 24 42
e 17 25 43
e 17 26 44
e 17 27 45
e 17 29 47
e 17 31 49
e 17 32 50
e 17 33 51
e 17 34 52
e 17 36 54
e 17 37 55
e 17 39 57
e 17 40 58
e 17 41 59
e 17 42 60
e 17 44 62
e 17 45 63
e 17 46 64
e 17 48 66
e 17 49 67
e 17 50 68
e 17 51 69
e 17 53 71
e 17 54 72
e 17 55 73
e 17 56 74
e 17 58 76
e 17 59 77
e 17 60 78
e 17 61 79
e 17 63 81
e 17 64 82
e 17 65 83
e 17 66 84
e 17 67 85
e 17 69 87
e 17 70 88
e 17 71 89
e 17 72 90
e 17 74 92
e 17 75 93
e 17 76 94
e 17 77 95
e 17 78 96
e 17 79 97
e 17 81 99
e 17 82 100
e 17 83 101
e 17 84 102
e 17 86 104
e 17 87 105
e 17 88 106
e 17 89 107
e 17 90 108
e 17 91 109
e 17 92 110
e 17 94 112
e 17 95 113
e 17 96 114
e 17 97 115
e 17 99 117
e 17 100 118
e 17 101 119
e 17 102 120
e 17 103 121
e 17 104 122
e 17 105 123
e 17 106 124
e 17 108 126
e 17 109 127
e 17 110 128
e 17 111 129
e 17 113 131
e 17 114 132
e 17 115 133
e 17 116 134
e 17 117 135
e 17 118 136
e 17 119 137
e 17 120 138
e 18 22 41
e 18 23 42
e 18 25 44
e 18 26 45
e 18 27 46
e 18 29 48
e 18 30 49
e 18 32 51
e 18 33 52
e 18 34 53
e 18 36 55
e 18 37 56
e 18 38 57
e 18 40 59
e 18 41 60
e 18 42 61
e 18 44 63
e 18 45 64
e 18 46 65
e 18 47 66
e 18 49 68
e 18 50 69
e 18 51 70
e 18 53 72
e 18 54 73
e 18 55 74
e 18 56 75
e 18 57 76
e 18 59 78
e 18 60 79
e 18 61 80
e 18 63 82
e 18 64 83
e 18 65 84
e 18 66 85
e 18 67 86
e 18 68 87
e 18 70 89
e 18 71 90
e 18 72 91
e 18 74 93
e 18 75 94
e 18 76 95
e 18 77 96
e 18 78 97
e 18 79 98
e 18 80 99
e 18 82 101
e 18 83 102
e 18 84 103
e 18 86 105
e 18 87 106
e 18 88 107
e 18 89 108
e 18 90 109
e 18 91 110
e 18 92 111
e 18 93 112
e 18 95 114
e 18 96 115
e 18 97 116
e 18 99 118
e 18 100 119
e 18 101 120
e 18 102 121
e 18 103 122
e 18 104 123
e 18 105 124
e 18 106 125
e 18 107 126
e 18 109 128
e 18 110 129
e 18 111 130
e 18 113 132
e 18 114 133
e 18 115 134
e 18 116 135
e 18 117 136
e 18 118 137
e 18 119 138
e 18 120 139
e 19 22 42
e 19 23 43
e 19 24 44
e 19 26 46
e 19 27 47
e 19 29 49
e 19 30 50
e 19 31 51
e 19 33 53
e 19 34 54
e 19 36 56
e 19 37 57
e 19 38 58
e 19 39 59
e 19 41 61
e 19 42 62
e 19 44 64
e 19 45 65
e 19 46 66
e 19 47 67
e 19 48 68
e 19 50 70
e 19 51 71
e 19 53 73
e 19 54 74
e 19 55 75
e 19 56 76
e 19 57 77
e 19 58 78
e 19 60 80
e 19 61 81
e 19 63 83
e 19 64 84
e 19 65 85
e 19 66 86
e 19 67 87
e 19 68 88
e 19 69 89
e 19 71 91
e 19 72 92
e 19 74 94
e 19 75 95
e 19 76 96
e 19 77 97
e 19 78 98
e 19 79 99
e 19 80 100
e 19 81 101
e 19 83 103
e 19 84 104
e 19 86 106
e 19 87 107
e 19 88 108
e 19 89 109
e 19 90 110
e 19 91 111
e 19 92 112
e 19 93 113
e 19 94 114
e 19 96 116
e 19 97 117
e 19 99 119
e 19 100 120
e 19 101 121
e 19 102 122
e 19 103 123
e 19 104 124
e 19 105 125
e 19 106 126
e 19 107 127
e 19 108 128
e 19 110 130
e 19 111 131
e 19 113 133
e 19 114 134
e 19 115 135
e 19 116 136
e 19 117 137
e 19 118 138
e 19 119 139
e 19 120 140
e 20 22 43
e 20 23 44
e 20 24 45
e 20 25 46
e 20 27 48
e 20 29 50
e 20 30 51
e 20 31 52
e 20 32 53
e 20 34 55
e 20 36 57
e 20 37 58
e 20 38 59
e 20 39 60
e 20 40 61
e 20 42 63
e 20 44 65
e 20 45 66
e 20 46 67
e 20 47 68
e 20 48 69
e 20 49 70
e 20 51 72
e 20 53 74
e 20 54 75
e 20 55 76
e 20 56 77
e 20 57 78
e 20 58 79
e 20 59 80
e 20 61 82
e 20 63 84
e 20 64 85
e 20 65 86
e 20 66 87
e 20 67 88
e 20 68 89
e 20 69 90
e 20 70 91
e 20 72 93
e 20 74 95
e 20 75 96
e 20 76 97
e 20 77 98
e 20 78 99
e 20 79 100
e 20 80 101
e 20 81 102
e 20 82 103
e 20 84 105
e 20 86 107
e 20 87 108
e 20 88 109
e 20 89 110
e 20 90 111
e 20 91 112
e 20 92 113
e 20 93 114
e 20 94 115
e 20 95 116
e 20 97 118
e 20 99 120
e 20 100 121
e 20 101 122
e 20 102 123
e 20 103 124
e 20 104 125
e 20 105 126
e 20 106 127
e 20 107 128
e 20 108 129
e 20 109 130
e 20 111 132
e 20 113 134
e 20 114 135
e 20 115 136
e 20 116 137
e 20 117 138
e 20 118 139
e 20 119 140
e 20 120 141
e 21 22 44
e 21 23 45
e 21 24 46
e 21 25 47
e 21 26 48
e 21 29 51
e 21 30 52
e 21 31 53
e 21 32 54
e 21 33 55
e 21 36 58
e 21 37 59
e 21 38 60
e 21 39 61
e 21 40 62
e 21 41 63
e 21 44 66
e 21 45 67
e 21 46 68
e 21 47 69
e 21 48 70
e 21 49 71
e 21 50 72
e 21 53 75
e 21 54 76
e 21 55 77
e 21 56 78
e 21 57 79
e 21 58 80
e 21 59 81
e 21 60 82
e 21 63 85
e 21 64 86
e 21 65 87
e 21 66 88
e 21 67 89
e 21 68 90
e 21 69 91
e 21 70 92
e 21 71 93
e 21 74 96
e 21 75 97
e 21 76 98
e 21 77 99
e 21 78 100
e 21 79 101
e 21 80 102
e 21 81 103
e 21 82 104
e 21 83 105
e 21 86 108
e 21 87 109
e 21 88 110
e 21 89 111
e 21 90 112
e 21 91 113
e 21 92 114
e 21 93 115
e 21 94 116
e 21 95 117
e 21 96 118
e 21 99 121
e 21 100 122
e 21 101 123
e 21 102 124
e 21 103 125
e 21 104 126
e 21 105 127
e 21 106 128
e 21 107 129
e 21 108 130
e 21 109 131
e 21 110 132
e 21 113 135
e 21 114 136
e 21 115 137
e 21 116 138
e 21 117 139
e 21 118 140
e 21 119 141
e 21 120 142
e 22 30 53
e 22 31 54
e 22 32 55
e 22 33 56
e 22 34 57
e 22 35 58
e 22 38 61
e 22 39 62
e 22 40 63
e 22 41 64
e 22 42 65
e 22 43 66
e 22 45 68
e 22 47 70
e 22 48 71
e 22 49 72
e 22 50 73
e 22 51 74
e 22 52 75
e 22 54 77
e 22 55 78
e 22 57 80
e 22 58 81
e 22 59 82
e 22 60 83
e 22 61 84
e 22 62 85
e 22 64 87
e 22 65 88
e 22 66 89
e 22 68 91
e 22 69 92
e 22 70 93
e 22 71 94
e 22 72 95
e 22 73 96
e 22 75 98
e 22 76 99
e 22 77 100
e 22 78 101
e 22 80 103
e 22 81 104
e 22 82 105
e 22 83 106
e 22 84 107
e 22 85 108
e 22 87 110
e 22 88 111
e 22 89 112
e 22 90 113
e 22 91 114
e 22 93 116
e 22 94 117
e 22 95 118
e 22 96 119
e 22 97 120
e 22 98 121
e 22 100 123
e 22 101 124
e 22 102 125
e 22 103 126
e 22 104 127
e 22 105 128
e 22 107 130
e 22 108 131
e 22 109 132
e 22 110 133
e 22 111 134
e 22 112 135
e 22 114 137
e 22 115 138
e 22 116 139
e 22 117 140
e 22 118 141
e 22 119 142
e 22 120 143
e 23 29 53
e 23 31 55
e 23 32 56
e 23 33 57
e 23 34 58
e 23 35 59
e 23 37 61
e 23 39 63
e 23 40 64
e 23 41 65
e 23 42 66
e 23 43 67
e 23 45 69
e 23 46 70
e 23 48 72
e 23 49 73
e 23 50 74
e 23 51 75
e 23 52 76
e 23 54 78
e 23 55 79
e 23 56 80
e 23 58 82
e 23 59 83
e 23 60 84
e 23 61 85
e 23 62 86
e 23 64 88
e 23 65 89
e 23 66 90
e 23 67 91
e 23 69 93
e 23 70 94
e 23 71 95
e 23 72 96
e 23 73 97
e 23 75 99
e 23 76 100
e 23 77 101
e 23 78 102
e 23 79 103
e 23 81 105
e 23 82 106
e 23 83 107
e 23 84 108
e 23 85 109
e 23 87 111
e 23 88 112
e 23 89 113
e 23 90 114
e 23 91 115
e 23 92 116
e 23 94 118
e 23 95 119
e 23 96 120
e 23 97 121
e 23 98 122
e 23 100 124
e 23 101 125
e 23 102 126
e 23 103 127
e 23 104 128
e 23 105 129
e 23 106 130
e 23 108 132
e 23 109 133
e 23 110 134
e 23 111 135
e 23 112 136
e 23 114 138
e 23 115 139
e 23 116 140
e 23 117 141
e 23 118 142
e 23 119 143
e 23 120 144
e 24 29 54
e 24 30 55
e 24 32 57
e 24 33 58
e 24 34 59
e 24 35 60
e 24 37 62
e 24 38 63
e 24 40 65
e 24 41 66
e 24 42 67
e 24 43 68
e 24 45 70
e 24 46 71
e 24 47 72
e 24 49 74
e 24 50 75
e 24 51 76
e 24 52 77
e 24 54 79
e 24 55 80
e 24 56 81
e 24 57 82
e 24 59 84
e 24 60 85
e 24 61 86
e 24 62 87
e 24 64 89
e 24 65 90
e 24 66 91
e 24 67 92
e 24 68 93
e 24 70 95
e 24 71 96
e 24 72 97
e 24 73 98
e 24 75 100
e 24 76 101
e 24 77 102
e 24 78 103
e 24 79 104
e 24 80 105
e 24 82 107
e 24 83 108
e 24 84 109
e 24 85 110
e 24 87 112
e 24 88 113
e 24 89 114
e 24 90 115
e 24 91 116
e 24 92 117
e 24 93 118
e 24 95 120
e 24 96 121
e 24 97 122
e 24 98 123
e 24 100 125
e 24 101 126
e 24 102 127
e 24 103 128
e 24 104 129
e 24 105 130
e 24 106 131
e 24 107 132
e 24 109 134
e 24 110 135
e 24 111 136
e 24 112 137
e 24 114 139
e 24 115 140
e 24 116 141
e 24 117 142
e 24 118 143
e 24 119 144
e 24 120 145
e 25 29 55
e 25 30 56
e 25 31 57
e 25 33 59
e 25 34 60
e 25 35 61
e 25 37 63
e 25 38 64
e 25 39 65
e 25 41 67
e 25 42 68
e 25 43 69
e 25 45 71
e 25 46 72
e 25 47 73
e 25 48 74
e 25 50 76
e 25 51 77
e 25 52 78
e 25 54 80
e 25 55 81
e 25 56 82
e 25 57 83
e 25 58 84
e 25 60 86
e 25 61 87
e 25 62 88
e 25 64 90
e 25 65 91
e 25 66 92
e 25 67 93
e 25 68 94
e 25 69 95
e 25 71 97
e 25 72 98
e 25 73 99
e 25 75 101
e 25 76 102
e 25 77 103
e 25 78 104
e 25 79 105
e 25 80 106
e 25 81 107
e 25 83 109
e 25 84 110
e 25 85 111
e 25 87 113
e 25 88 114
e 25 89 115
e 25 90 116
e 25 91 117
e 25 92 118
e 25 93 119
e 25 94 120
e 25 96 122
e 25 97 123
e 25 98 124
e 25 100 126
e 25 101 127
e 25 102 128
e 25 103 129
e 25 104 130
e 25 105 131
e 25 106 132
e 25 107 133
e 25 108 134
e 25 110 136
e 25 111 137
e 25 112 138
e 25 114 140
e 25 115 141
e 25 116 142
e 25 117 143
e 25 118 144
e 25 119 145
e 25 120 146
e 26 29 56
e 26 30 57
e 26 31 58
e 26 32 59
e 26 34 61
e 26 35 62
e 26 37 64
e 26 38 65
e 26 39 66
e 26 40 67
e 26 42 69
e 26 43 70
e 26 45 72
e 26 46 73
e 26 47 74
e 26 48 75
e 26 49 76
e 26 51 78
e 26 52 79
e 26 54 81
e 26 55 82
e 26 56 83
e 26 57 84
e 26 58 85
e 26 59 86
e 26 61 88
e 26 62 89
e 26 64 91
e 26 65 92
e 26 66 93
e 26 67 94
e 26 68 95
e 26 69 96
e 26 70 97
e 26 72 99
e 26 73 100
e 26 75 102
e 26 76 103
e 26 77 104
e 26 78 105
e 26 79 106
e 26 80 107
e 26 81 108
e 26 82 109
e 26 84 111
e 26 85 112
e 26 87 114
e 26 88 115
e 26 89 116
e 26 90 117
e 26 91 118
e 26 92 119
e 26 93 120
e 26 94 121
e 26 95 122
e 26 97 124
e 26 98 125
e 26 100 127
e 26 101 128
e 26 102 129
e 26 103 130
e 26 104 131
e 26 105 132
e 26 106 133
e 26 107 134
e 26 108 135
e 26 109 136
e 26 111 138
e 26 112 139
e 26 114 141
e 26 115 142
e 26 116 143
e 26 117 144
e 26 118 145
e 26 119 146
e 26 120 147
e 27 29 57
e 27 30 58
e 27 31 59
e 27 32 60
e 27 33 61
e 27 35 63
e 27 37 65
e 27 38 66
e 27 39 67
e 27 40 68
e 27 41 69
e 27 43 71
e 27 45 73
e 27 46 74
e 27 47 75
e 27 48 76
e 27 49 77
e 27 50 78
e 27 52 80
e 27 54 82
e 27 55 83
e 27 56 84
e 27 57 85
e 27 58 86
e 27 59 87
e 27 60 88
e 27 62 90
e 27 64 92
e 27 65 93
e 27 66 94
e 27 67 95
e 27 68 96
e 27 69 97
e 27 70 98
e 27 71 99
e 27 73 101
e 27 75 103
e 27 76 104
e 27 77 105
e 27 78 106
e 27 79 107
e 27 80 108
e 27 81 109
e 27 82 110
e 27 83 111
e 27 85 113
e 27 87 115
e 27 88 116
e 27 89 117
e 27 90 118
e 27 91 119
e 27 92 120
e 27 93 121
e 27 94 122
e 27 95 123
e 27 96 124
e 27 98 126
e 27 100 128
e 27 101 129
e 27 102 130
e 27 103 131
e 27 104 132
e 27 105 133
e 27 106 134
e 27 107 135
e 27 108 136
e 27 109 137
e 27 110 138
e 27 112 140
e 27 114 142
e 27 115 143
e 27 116 144
e 27 117 145
e 27 118 146
e 27 119 147
e 27 120 148
e 28 29 58
e 28 30 59
e 28 31 60
e 28 32 61
e 28 33 62
e 28 34 63
e 28 37 66
e 28 38 67
e 28 39 68
e 28 40 69
e 28 41 70
e 28 42 71
e 28 45 74
e 28 46 75
e 28 47 76
e 28 48 77
e 28 49 78
e 28 50 79
e 28 51 80
e 28 54 83
e 28 55 84
e 28 56 85
e 28 57 86
e 28 58 87
e 28 59 88
e 28 60 89
e 28 61 90
e 28 64 93
e 28 65 94
e 28 66 95
e 28 67 96
e 28 68 97
e 28 69 98
e 28 70 99
e 28 71 100
e 28 72 101
e 28 75 104
e 28 76 105
e 28 77 106
e 28 78 107
e 28 79 108
e 28 80 109
e 28 81 110
e 28 82 111
e 28 83 112
e 28 84 113
e 28 87 116
e 28 88 117
e 28 89 118
e 28 90 119
e 28 91 120
e 28 92 121
e 28 93 122
e 28 94 123
e 28 95 124
e 28 96 125
e 28 97 126
e 28 100 129
e 28 101 130
e 28 102 131
e 28 103 132
e 28 104 133
e 28 105 134
e 28 106 135
e 28 107 136
e 28 108 137
e 28 109 138
e 28 110 139
e 28 111 140
e 28 114 143
e 28 115 144
e 28 116 145
e 28 117 146
e 28 118 147
e 28 119 148
e 28 120 149
e 29 38 68
e 29 39 69
e 29 40 70
e 29 41 71
e 29 42 72
e 29 43 73
e 29 44 74
e 29 47 77
e 29 48 78
e 29 49 79
e 29 50 80
e 29 51 81
e 29 52 82
e 29 53 83
e 29 55 85
e 29 57 87
e 29 58 88
e 29 59 89
e 29 60 90
e 29 61 91
e 29 62 92
e 29 63 93
e 29 65 95
e 29 66 96
e 29 68 98
e 29 69 99
e 29 70 100
e 29 71 101
e 29 72 102
e 29 73 103
e 29 74 104
e 29 76 106
e 29 77 107
e 29 78 108
e 29 80 110
e 29 81 111
e 29 82 112
e 29 83 113
e 29 84 114
e 29 85 115
e 29 86 116
e 29 88 118
e 29 89 119
e 29 90 120
e 29 91 121
e 29 93 123
e 29 94 124
e 29 95 125
e 29 96 126
e 29 97 127
e 29 98 128
e 29 99 129
e 29 101 131
e 29 102 132
e 29 103 133
e 29 104 134
e 29 105 135
e 29 107 137
e 29 108 138
e 29 109 139
e 29 110 140
e 29 111 141
e 29 112 142
e 29 113 143
e 29 115 145
e 29 116 146
e 29 117 147
e 29 118 148
e 29 119 149
e 29 120 150
e 30 37 68
e 30 39 70
e 30 40 71
e 30 41 72
e 30 42 73
e 30 43 74
e 30 44 75
e 30 46 77
e 30 48 79
e 30 49 80
e 30 50 81
e 30 51 82
e 30 52 83
e 30 53 84
e 30 55 86
e 30 56 87
e 30 58 89
e 30 59 90
e 30 60 91
e 30 61 92
e 30 62 93
e 30 63 94
e 30 65 96
e 30 66 97
e 30 67 98
e 30 69 100
e 30 70 101
e 30 71 102
e 30 72 103
e 30 73 104
e 30 74 105
e 30 76 107
e 30 77 108
e 30 78 109
e 30 79 110
e 30 81 112
e 30 82 113
e 30 83 114
e 30 84 115
e 30 85 116
e 30 86 117
e 30 88 119
e 30 89 120
e 30 90 121
e 30 91 122
e 30 92 123
e 30 94 125
e 30 95 126
e 30 96 127
e 30 97 128
e 30 98 129
e 30 99 130
e 30 101 132
e 30 102 133
e 30 103 134
e 30 104 135
e 30 105 136
e 30 106 137
e 30 108 139
e 30 109 140
e 30 110 141
e 30 111 142
e 30 112 143
e 30 113 144
e 30 115 146
e 30 116 147
e 30 117 148
e 30 118 149
e 30 119 150
e 30 120 151
e 31 37 69
e 31 38 70
e 31 40 72
e 31 41 73
e 31 42 74
e 31 43 75
e 31 44 76
e 31 46 78
e 31 47 79
e 31 49 81
e 31 50 82
e 31 51 83
e 31 52 84
e 31 53 85
e 31 55 87
e 31 56 88
e 31 57 89
e 31 59 91
e 31 60 92
e 31 61 93
e 31 62 94
e 31 63 95
e 31 65 97
e 31 66 98
e 31 67 99
e 31 68 100
e 31 70 102
e 31 71 103
e 31 72 104
e 31 73 105
e 31 74 106
e 31 76 108
e 31 77 109
e 31 78 110
e 31 79 111
e 31 80 112
e 31 82 114
e 31 83 115
e 31 84 116
e 31 85 117
e 31 86 118
e 31 88 120
e 31 89 121
e 31 90 122
e 31 91 123
e 31 92 124
e 31 93 125
e 31 95 127
e 31 96 128
e 31 97 129
e 31 98 130
e 31 99 131
e 31 101 133
e 31 102 134
e 31 103 135
e 31 104 136
e 31 105 137
e 31 106 138
e 31 107 139
e 31 109 141
e 31 110 142
e 31 111 143
e 31 112 144
e 31 113 145
e 31 115 147
e 31 116 148
e 31 117 149
e 31 118 150
e 31 119 151
e 31 120 152
e 32 37 70
e 32 38 71
e 32 39 72
e 32 41 74
e 32 42 75
e 32 43 76
e 32 44 77
e 32 46 79
e 32 47 80
e 32 48 81
e 32 50 83
e 32 51 84
e 32 52 85
e 32 53 86
e 32 55 88
e 32 56 89
e 32 57 90
e 32 58 91
e 32 60 93
e 32 61 94
e 32 62 95
e 32 63 96
e 32 65 98
e 32 66 99
e 32 67 100
e 32 68 101
e 32 69 102
e 32 71 104
e 32 72 105
e 32 73 106
e 32 74 107
e 32 76 109
e 32 77 110
e 32 78 111
e 32 79 112
e 32 80 113
e 32 81 114
e 32 83 116
e 32 84 117
e 32 85 118
e 32 86 119
e 32 88 121
e 32 89 122
e 32 90 123
e 32 91 124
e 32 92 125
e 32 93 126
e 32 94 127
e 32 96 129
e 32 97 130
e 32 98 131
e 32 99 132
e 32 101 134
e 32 102 135
e 32 103 136
e 32 104 137
e 32 105 138
e 32 106 139
e 32 107 140
e 32 108 141
e 32 110 143
e 32 111 144
e 32 112 145
e 32 113 146
e 32 115 148
e 32 116 149
e 32 117 150
e 32 118 151
e 32 119 152
e 32 120 153
e 33 37 71
e 33 38 72
e 33 39 73
e 33 40 74
e 33 42 76
e 33 43 77
e 33 44 78
e 33 46 80
e 33 47 81
e 33 48 82
e 33 49 83
e 33 51 85
e 33 52 86
e 33 53 87
e 33 55 89
e 33 56 90
e 33 57 91
e 33 58 92
e 33 59 93
e 33 61 95
e 33 62 96
e 33 63 97
e 33 65 99
e 33 66 100
e 33 67 101
e 33 68 102
e 33 69 103
e 33 70 104
e 33 72 106
e 33 73 107
e 33 74 108
e 33 76 110
e 33 77 111
e 33 78 112
e 33 79 113
e 33 80 114
e 33 81 115
e 33 82 116
e 33 84 118
e 33 85 119
e 33 86 120
e 33 88 122
e 33 89 123
e 33 90 124
e 33 91 125
e 33 92 126
e 33 93 127
e 33 94 128
e 33 95 129
e 33 97 131
e 33 98 132
e 33 99 133
e 33 101 135
e 33 102 136
e 33 103 137
e 33 104 138
e 33 105 139
e 33 106 140
e 33 107 141
e 33 108 142
e 33 109 143
e 33 111 145
e 33 112 146
e 33 113 147
e 33 115 149
e 33 116 150
e 33 117 151
e 33 118 152
e 33 119 153
e 33 120 154
e 34 37 72
e 34 38 73
e 34 39 74
e 34 40 75
e 34 41 76
e 34 43 78
e 34 44 79
e 34 46 81
e 34 47 82
e 34 48 83
e 34 49 84
e 34 50 85
e 34 52 87
e 34 53 88
e 34 55 90
e 34 56 91
e 34 57 92
e 34 58 93
e 34 59 94
e 34 60 95
e 34 62 97
e 34 63 98
e 34 65 100
e 34 66 101
e 34 67 102
e 34 68 103
e 34 69 104
e 34 70 105
e 34 71 106
e 34 73 108
e 34 74 109
e 34 76 111
e 34 77 112
e 34 78 113
e 34 79 114
e 34 80 115
e 34 81 116
e 34 82 117
e 34 83 118
e 34 85 120
e 34 86 121
e 34 88 123
e 34 89 124
e 34 90 125
e 34 91 126
e 34 92 127
e 34 93 128
e 34 94 129
e 34 95 130
e 34 96 131
e 34 98 133
e 34 99 134
e 34 101 136
e 34 102 137
e 34 103 138
e 34 104 139
e 34 105 140
e 34 106 141
e 34 107 142
e 34 108 143
e 34 109 144
e 34 110 145
e 34 112 147
e 34 113 148
e 34 115 150
e 34 116 151
e 34 117 152
e 34 118 153
e 34 119 154
e 34 120 155
e 35 37 73
e 35 38 74
e 35 39 75
e 35 40 76
e 35 41 77
e 35 42 78
e 35 44 80
e 35 46 82
e 35 47 83
e 35 48 84
e 35 49 85
e 35 50 86
e 35 51 87
e 35 53 89
e 35 55 91
e 35 56 92
e 35 57 93
e 35 58 94
e 35 59 95
e 35 60 96
e 35 61 97
e 35 63 99
e 35 65 101
e 35 66 102
e 35 67 103
e 35 68 104
e 35 69 105
e 35 70 106
e 35 71 107
e 35 72 108
e 35 74 110
e 35 76 112
e 35 77 113
e 35 78 114
e 35 79 115
e 35 80 116
e 35 81 117
e 35 82 118
e 35 83 119
e 35 84 120
e 35 86 122
e 35 88 124
e 35 89 125
e 35 90 126
e 35 91 127
e 35 92 128
e 35 93 129
e 35 94 130
e 35 95 131
e 35 96 132
e 35 97 133
e 35 99 135
e 35 101 137
e 35 102 138
e 35 103 139
e 35 104 140
e 35 105 141
e 35 106 142
e 35 107 143
e 35 108 144
e 35 109 145
e 35 110 146
e 35 111 147
e 35 113 149
e 35 115 151
e 35 116 152
e 35 117 153
e 35 118 154
e 35 119 155
e 35 120 156
e 36 37 74
e 36 38 75
e 36 39 76
e 36 40 77
e 36 41 78
e 36 42 79
e 36 43 80
e 36 46 83
e 36 47 84
e 36 48 85
e 36 49 86
e 36 50 87
e 36 51 88
e 36 52 89
e 36 55 92
e 36 56 93
e 36 57 94
e 36 58 95
e 36 59 96
e 36 60 97
e 36 61 98
e 36 62 99
e 36 65 102
e 36 66 103
e 36 67 104
e 36 68 105
e 36 69 106
e 36 70 107
e 36 71 108
e 36 72 109
e 36 73 110
e 36 76 113
e 36 77 114
e 36 78 115
e 36 79 116
e 36 80 117
e 36 81 118
e 36 82 119
e 36 83 120
e 36 84 121
e 36 85 122
e 36 88 125
e 36 89 126
e 36 90 127
e 36 91 128
e 36 92 129
e 36 93 130
e 36 94 131
e 36 95 132
e 36 96 133
e 36 97 134
e 36 98 135
e 36 101 138
e 36 102 139
e 36 103 140
e 36 104 141
e 36 105 142
e 36 106 143
e 36 107 144
e 36 108 145
e 36 109 146
e 36 110 147
e 36 111 148
e 36 112 149
e 36 115 152
e 36 116 153
e 36 117 154
e 36 118 155
e 36 119 156
e 36 120 157
e 37 47 85
e 37 48 86
e 37 49 87
e 37 50 88
e 37 51 89
e 37 52 90
e 37 53 91
e 37 54 92
e 37 57 95
e 37 58 96
e 37 59 97
e 37 60 98
e 37 61 99
e 37 62 100
e 37 63 101
e 37 64 102
e 37 66 104
e 37 68 106
e 37 69 107
e 37 70 108
e 37 71 109
e 37 72 110
e 37 73 111
e 37 74 112
e 37 75 113
e 37 77 115
e 37 78 116
e 37 80 118
e 37 81 119
e 37 82 120
e 37 83 121
e 37 84 122
e 37 85 123
e 37 86 124
e 37 87 125
e 37 89 127
e 37 90 128
e 37 91 129
e 37 93 131
e 37 94 132
e 37 95 133
e 37 96 134
e 37 97 135
e 37 98 136
e 37 99 137
e 37 100 138
e 37 102 140
e 37 103 141
e 37 104 142
e 37 105 143
e 37 107 145
e 37 108 146
e 37 109 147
e 37 110 148
e 37 111 149
e 37 112 150
e 37 113 151
e 37 114 152
e 37 116 154
e 37 117 155
e 37 118 156
e 37 119 157
e 37 120 158
e 38 46 85
e 38 48 87
e 38 49 88
e 38 50 89
e 38 51 90
e 38 52 91
e 38 53 92
e 38 54 93
e 38 56 95
e 38 58 97
e 38 59 98
e 38 60 99
e 38 61 100
e 38 62 101
e 38 63 102
e 38 64 103
e 38 66 105
e 38 67 106
e 38 69 108
e 38 70 109
e 38 71 110
e 38 72 111
e 38 73 112
e 38 74 113
e 38 75 114
e 38 77 116
e 38 78 117
e 38 79 118
e 38 81 120
e 38 82 121
e 38 83 122
e 38 84 123
e 38 85 124
e 38 86 125
e 38 87 126
e 38 89 128
e 38 90 129
e 38 91 130
e 38 92 131
e 38 94 133
e 38 95 134
e 38 96 135
e 38 97 136
e 38 98 137
e 38 99 138
e 38 100 139
e 38 102 141
e 38 103 142
e 38 104 143
e 38 105 144
e 38 106 145
e 38 108 147
e 38 109 148
e 38 110 149
e 38 111 150
e 38 112 151
e 38 113 152
e 38 114 153
e 38 116 155
e 38 117 156
e 38 118 157
e 38 119 158
e 38 120 159
e 39 46 86
e 39 47 87
e 39 49 89
e 39 50 90
e 39 51 91
e 39 52 92
e 39 53 93
e 39 54 94
e 39 56 96
e 39 57 97
e 39 59 99
e 39 60 100
e 39 61 101
e 39 62 102
e 39 63 103
e 39 64 104
e 39 66 106
e 39 67 107
e 39 68 108
e 39 70 110
e 39 71 111
e 39 72 112
e 39 73 113
e 39 74 114
e 39 75 115
e 39 77 117
e 39 78 118
e 39 79 119
e 39 80 120
e 39 82 122
e 39 83 123
e 39 84 124
e 39 85 125
e 39 86 126
e 39 87 127
e 39 89 129
e 39 90 130
e 39 91 131
e 39 92 132
e 39 93 133
e 39 95 135
e 39 96 136
e 39 97 137
e 39 98 138
e 39 99 139
e 39 100 140
e 39 102 142
e 39 103 143
e 39 104 144
e 39 105 145
e 39 106 146
e 39 107 147
e 39 109 149
e 39 110 150
e 39 111 151
e 39 112 152
e 39 113 153
e 39 114 154
e 39 116 156
e 39 117 157
e 39 118 158
e 39 119 159
e 39 120 160
e 40 46 87
e 40 47 88
e 40 48 89
e 40 50 91
e 40 51 92
e 40 52 93
e 40 53 94
e 40 54 95
e 40 56 97
e 40 57 98
e 40 58 99
e 40 60 101
e 40 61 102
e 40 62 103
e 40 63 104
e 40 64 105
e 40 66 107
e 40 67 108
e 40 68 109
e 40 69 110
e 40 71 112
e 40 72 113
e 40 73 114
e 40 74 115
e 40 75 116
e 40 77 118
e 40 78 119
e 40 79 120
e 40 80 121
e 40 81 122
e 40 83 124
e 40 84 125
e 40 85 126
e 40 86 127
e 40 87 128
e 40 89 130
e 40 90 131
e 40 91 132
e 40 92 133
e 40 93 134
e 40 94 135
e 40 96 137
e 40 97 138
e 40 98 139
e 40 99 140
e 40 100 141
e 40 102 143
e 40 103 144
e 40 104 145
e 40 105 146
e 40 106 147
e 40 107 148
e 40 108 149
e 40 110 151
e 40 111 152
e 40 112 153
e 40 113 154
e 40 114 155
e 40 116 157
e 40 117 158
e 40 118 159
e 40 119 160
e 40 120 161
e 41 46 88
e 41 47 89
e 41 48 90
e 41 49 91
e 41 51 93
e 41 52 94
e 41 53 95
e 41 54 96
e 41 56 98
e 41 57 99
e 41 58 100
e 41 59 101
e 41 61 103
e 41 62 104
e 41 63 105
e 41 64 106
e 41 66 108
e 41 67 109
e 41 68 110
e 41 69 111
e 41 70 112
e 41 72 114
e 41 73 115
e 41 74 116
e 41 75 117
e 41 77 119
e 41 78 120
e 41 79 121
e 41 80 122
e 41 81 123
e 41 82 124
e 41 84 126
e 41 85 127
e 41 86 128
e 41 87 129
e 41 89 131
e 41 90 132
e 41 91 133
e 41 92 134
e 41 93 135
e 41 94 136
e 41 95 137
e 41 97 139
e 41 98 140
e 41 99 141
e 41 100 142
e 41 102 144
e 41 103 145
e 41 104 146
e 41 105 147
e 41 106 148
e 41 107 149
e 41 108 150
e 41 109 151
e 41 111 153
e 41 112 154
e 41 113 155
e 41 114 156
e 41 116 158
e 41 117 159
e 41 118 160
e 41 119 161
e 41 120 162
e 42 46 89
e 42 47 90
e 42 48 91
e 42 49 92
e 42 50 93
e 42 52 95
e 42 53 96
e 42 54 97
e 42 56 99
e 42 57 100
e 42 58 101
e 42 59 102
e 42 60 103
e 42 62 105
e 42 63 106
e 42 64 107
e 42 66 109
e 42 67 110
e 42 68 111
e 42 69 112
e 42 70 113
e 42 71 114
e 42 73 116
e 42 74 117
e 42 75 118
e 42 77 120
e 42 78 121
e 42 79 122
e 42 80 123
e 42 81 124
e 42 82 125
e 42 83 126
e 42 85 128
e 42 86 129
e 42 87 130
e 42 89 132
e 42 90 133
e 42 91 134
e 42 92 135
e 42 93 136
e 42 94 137
e 42 95 138
e 42 96 139
e 42 98 141
e 42 99 142
e 42 100 143
e 42 102 145
e 42 103 146
e 42 104 147
e 42 105 148
e 42 106 149
e 42 107 150
e 42 108 151
e 42 109 152
e 42 110 153
e 42 112 155
e 42 113 156
e 42 114 157
e 42 116 159
e 42 117 160
e 42 118 161
e 42 119 162
e 42 120 163
e 43 46 90
e 43 47 91
e 43 48 92
e 43 49 93
e 43 50 94
e 43 51 95
e 43 53 97
e 43 54 98
e 43 56 100
e 43 57 101
e 43 58 102
e 43 59 103
e 43 60 104
e 43 61 105
e 43 63 107
e 43 64 108
e 43 66 110
e 43 67 111
e 43 68 112
e 43 69 113
e 43 70 114
e 43 71 115
e 43 72 116
e 43 74 118
e 43 75 119
e 43 77 121
e 43 78 122
e 43 79 123
e 43 80 124
e 43 81 125
e 43 82 126
e 43 83 127
e 43 84 128
e 43 86 130
e 43 87 131
e 43 89 133
e 43 90 134
e 43 91 135
e 43 92 136
e 43 93 137
e 43 94 138
e 43 95 139
e 43 96 140
e 43 97 141
e 43 99 143
e 43 100 144
e 43 102 146
e 43 103 147
e 43 104 148
e 43 105 149
e 43 106 150
e 43 107 151
e 43 108 152
e 43 109 153
e 43 110 154
e 43 111 155
e 43 113 157
e 43 114 158
e 43 116 160
e 43 117 161
e 43 118 162
e 43 119 163
e 43 120 164
e 44 46 91
e 44 47 92
e 44 48 93
e 44 49 94
e 44 50 95
e 44 51 96
e 44 52 97
e 44 54 99
e 44 56 101
e 44 57 102
e 44 58 103
e 44 59 104
e 44 60 105
e 44 61 106
e 44 62 107
e 44 64 109
e 44 66 111
e 44 67 112
e 44 68 113
e 44 69 114
e 44 70 115
e 44 71 116
e 44 72 117
e 44 73 118
e 44 75 120
e 44 77 122
e 44 78 123
e 44 79 124
e 44 80 125
e 44 81 126
e 44 82 127
e 44 83 128
e 44 84 129
e 44 85 130
e 44 87 132
e 44 89 134
e 44 90 135
e 44 91 136
e 44 92 137
e 44 93 138
e 44 94 139
e 44 95 140
e 44 96 141
e 44 97 142
e 44 98 143
e 44 100 145
e 44 102 147
e 44 103 148
e 44 104 149
e 44 105 150
e 44 106 151
e 44 107 152
e 44 108 153
e 44 109 154
e 44 110 155
e 44 111 156
e 44 112 157
e 44 114 159
e 44 116 161
e 44 117 162
e 44 118 163
e 44 119 164
e 44 120 165
e 45 46 92
e 45 47 93
e 45 48 94
e 45 49 95
e 45 50 96
e 45 51 97
e 45 52 98
e 45 53 99
e 45 56 102
e 45 57 103
e 45 58 104
e 45 59 105
e 45 60 106
e 45 61 107
e 45 62 108
e 45 63 109
e 45 66 112
e 45 67 113
e 45 68 114
e 45 69 115
e 45 70 116
e 45 71 117
e 45 72 118
e 45 73 119
e 45 74 120
e 45 77 123
e 45 78 124
e 45 79 125
e 45 80 126
e 45 81 127
e 45 82 128
e 45 83 129
e 45 84 130
e 45 85 131
e 45 86 132
e 45 89 135
e 45 90 136
e 45 91 137
e 45 92 138
e 45 93 139
e 45 94 140
e 45 95 141
e 45 96 142
e 45 97 143
e 45 98 144
e 45 99 145
e 45 102 148
e 45 103 149
e 45 104 150
e 45 105 151
e 45 106 152
e 45 107 153
e 45 108 154
e 45 109 155
e 45 110 156
e 45 111 157
e 45 112 158
e 45 113 159
e 45 116 162
e 45 117 163
e 45 118 164
e 45 119 165
e 45 120 166
e 46 57 104
e 46 58 105
e 46 59 106
e 46 60 107
e 46 61 108
e 46 62 109
e 46 63 110
e 46 64 111
e 46 65 112
e 46 68 115
e 46 69 116
e 46 70 117
e 46 71 118
e 46 72 119
e 46 73 120
e 46 74 121
e 46 75 122
e 46 76 123
e 46 78 125
e 46 80 127
e 46 81 128
e 46 82 129
e 46 83 130
e 46 84 131
e 46 85 132
e 46 86 133
e 46 87 134
e 46 88 135
e 46 90 137
e 46 91 138
e 46 93 140
e 46 94 141
e 46 95 142
e 46 96 143
e 46 97 144
e 46 98 145
e 46 99 146
e 46 100 147
e 46 101 148
e 46 103 150
e 46 104 151
e 46 105 152
e 46 107 154
e 46 108 155
e 46 109 156
e 46 110 157
e 46 111 158
e 46 112 159
e 46 113 160
e 46 114 161
e 46 115 162
e 46 117 164
e 46 118 165
e 46 119 166
e 46 120 167
e 47 56 104
e 47 58 106
e 47 59 107
e 47 60 108
e 47 61 109
e 47 62 110
e 47 63 111
e 47 64 112
e 47 65 113
e 47 67 115
e 47 69 117
e 47 70 118
e 47 71 119
e 47 72 120
e 47 73 121
e 47 74 122
e 47 75 123
e 47 76 124
e 47 78 126
e 47 79 127
e 47 81 129
e 47 82 130
e 47 83 131
e 47 84 132
e 47 85 133
e 47 86 134
e 47 87 135
e 47 88 136
e 47 90 138
e 47 91 139
e 47 92 140
e 47 94 142
e 47 95 143
e 47 96 144
e 47 97 145
e 47 98 146
e 47 99 147
e 47 100 148
e 47 101 149
e 47 103 151
e 47 104 152
e 47 105 153
e 47 106 154
e 47 108 156
e 47 109 157
e 47 110 158
e 47 111 159
e 47 112 160
e 47 113 161
e 47 114 162
e 47 115 163
e 47 117 165
e 47 118 166
e 47 119 167
e 47 120 168
e 48 56 105
e 48 57 106
e 48 59 108
e 48 60 109
e 48 61 110
e 48 62 111
e 48 63 112
e 48 64 113
e 48 65 114
e 48 67 116
e 48 68 117
e 48 70 119
e 48 71 120
e 48 72 121
e 48 73 122
e 48 74 123
e 48 75 124
e 48 76 125
e 48 78 127
e 48 79 128
e 48 80 129
e 48 82 131
e 48 83 132
e 48 84 133
e 48 85 134
e 48 86 135
e 48 87 136
e 48 88 137
e 48 90 139
e 48 91 140
e 48 92 141
e 48 93 142
e 48 95 144
e 48 96 145
e 48 97 146
e 48 98 147
e 48 99 148
e 48 100 149
e 48 101 150
e 48 103 152
e 48 104 153
e 48 105 154
e 48 106 155
e 48 107 156
e 48 109 158
e 48 110 159
e 48 111 160
e 48 112 161
e 48 113 162
e 48 114 163
e 48 115 164
e 48 117 166
e 48 118 167
e 48 119 168
e 48 120 169
e 49 56 106
e 49 57 107
e 49 58 108
e 49 60 110
e 49 61 111
e 49 62 112
e 49 63 113
e 49 64 114
e 49 65 115
e 49 67 117
e 49 68 118
e 49 69 119
e 49 71 121
e 49 72 122
e 49 73 123
e 49 74 124
e 49 75 125
e 49 76 126
e 49 78 128
e 49 79 129
e 49 80 130
e 49 81 131
e 49 83 133
e 49 84 134
e 49 85 135
e 49 86 136
e 49 87 137
e 49 88 138
e 49 90 140
e 49 91 141
e 49 92 142
e 49 93 143
e 49 94 144
e 49 96 146
e 49 97 147
e 49 98 148
e 49 99 149
e 49 100 150
e 49 101 151
e 49 103 153
e 49 104 154
e 49 105 155
e 49 106 156
e 49 107 157
e 49 108 158
e 49 110 160
e 49 111 161
e 49 112 162
e 49 113 163
e 49 114 164
e 49 115 165
e 49 117 167
e 49 118 168
e 49 119 169
e 49 120 170
e 50 56 107
e 50 57 108
e 50 58 109
e 50 59 110
e 50 61 112
e 50 62 113
e 50 63 114
e 50 64 115
e 50 65 116
e 50 67 118
e 50 68 119
e 50 69 120
e 50 70 121
e 50 72 123
e 50 73 124
e 50 74 125
e 50 75 126
e 50 76 127
e 50 78 129
e 50 79 130
e 50 80 131
e 50 81 132
e 50 82 133
e 50 84 135
e 50 85 136
e 50 86 137
e 50 87 138
e 50 88 139
e 50 90 141
e 50 91 142
e 50 92 143
e 50 93 144
e 50 94 145
e 50 95 146
e 50 97 148
e 50 98 149
e 50 99 150
e 50 100 151
e 50 101 152
e 50 103 154
e 50 104 155
e 50 105 156
e 50 106 157
e 50 107 158
e 50 108 159
e 50 109 160
e 50 111 162
e 50 112 163
e 50 113 164
e 50 114 165
e 50 115 166
e 50 117 168
e 50 118 169
e 50 119 170
e 50 120 171
e 51 56 108
e 51 57 109
e 51 58 110
e 51 59 111
e 51 60 112
e 51 62 114
e 51 63 115
e 51 64 116
e 51 65 117
e 51 67 119
e 51 68 120
e 51 69 121
e 51 70 122
e 51 71 123
e 51 73 125
e 51 74 126
e 51 75 127
e 51 76 128
e 51 78 130
e 51 79 131
e 51 80 132
e 51 81 133
e 51 82 134
e 51 83 135
e 51 85 137
e 51 86 138
e 51 87 139
e 51 88 140
e 51 90 142
e 51 91 143
e 51 92 144
e 51 93 145
e 51 94 146
e 51 95 147
e 51 96 148
e 51 98 150
e 51 99 151
e 51 100 152
e 51 101 153
e 51 103 155
e 51 104 156
e 51 105 157
e 51 106 158
e 51 107 159
e 51 108 160
e 51 109 161
e 51 110 162
e 51 112 164
e 51 113 165
e 51 114 166
e 51 115 167
e 51 117 169
e 51 118 170
e 51 119 171
e 51 120 172
e 52 56 109
e 52 57 110
e 52 58 111
e 52 59 112
e 52 60 113
e 52 61 114
e 52 63 116
e 52 64 117
e 52 65 118
e 52 67 120
e 52 68 121
e 52 69 122
e 52 70 123
e 52 71 124
e 52 72 125
e 52 74 127
e 52 75 128
e 52 76 129
e 52 78 131
e 52 79 132
e 52 80 133
e 52 81 134
e 52 82 135
e 52 83 136
e 52 84 137
e 52 86 139
e 52 87 140
e 52 88 141
e 52 90 143
e 52 91 144
e 52 92 145
e 52 93 146
e 52 94 147
e 52 95 148
e 52 96 149
e 52 97 150
e 52 99 152
e 52 100 153
e 52 101 154
e 52 103 156
e 52 104 157
e 52 105 158
e 52 106 159
e 52 107 160
e 52 108 161
e 52 109 162
e 52 110 163
e 52 111 164
e 52 113 166
e 52 114 167
e 52 115 168
e 52 117 170
e 52 118 171
e 52 119 172
e 52 120 173
e 53 56 110
e 53 57 111
e 53 58 112
e 53 59 113
e 53 60 114
e 53 61 115
e 53 62 116
e 53 64 118
e 53 65 119
e 53 67 121
e 53 68 122
e 53 69 123
e 53 70 124
e 53 71 125
e 53 72 126
e 53 73 127
e 53 75 129
e 53 76 130
e 53 78 132
e 53 79 133
e 53 80 134
e 53 81 135
e 53 82 136
e 53 83 137
e 53 84 138
e 53 85 139
e 53 87 141
e 53 88 142
e 53 90 144
e 53 91 145
e 53 92 146
e 53 93 147
e 53 94 148
e 53 95 149
e 53 96 150
e 53 97 151
e 53 98 152
e 53 100 154
e 53 101 155
e 53 103 157
e 53 104 158
e 53 105 159
e 53 106 160
e 53 107 161
e 53 108 162
e 53 109 163
e 53 110 164
e 53 111 165
e 53 112 166
e 53 114 168
e 53 115 169
e 53 117 171
e 53 118 172
e 53 119 173
e 53 120 174
e 54 56 111
e 54 57 112
e 54 58 113
e 54 59 114
e 54 60 115
e 54 61 116
e 54 62 117
e 54 63 118
e 54 65 120
e 54 67 122
e 54 68 123
e 54 69 124
e 54 70 125
e 54 71 126
e 54 72 127
e 54 73 128
e 54 74 129
e 54 76 131
e 54 78 133
e 54 79 134
e 54 80 135
e 54 81 136
e 54 82 137
e 54 83 138
e 54 84 139
e 54 85 140
e 54 86 141
e 54 88 143
e 54 90 145
e 54 91 146
e 54 92 147
e 54 93 148
e 54 94 149
e 54 95 150
e 54 96 151
e 54 97 152
e 54 98 153
e 54 99 154
e 54 101 156
e 54 103 158
e 54 104 159
e 54 105 160
e 54 106 161
e 54 107 162
e 54 108 163
e 54 109 164
e 54 110 165
e 54 111 166
e 54 112 167
e 54 113 168
e 54 115 170
e 54 117 172
e 54 118 173
e 54 119 174
e 54 120 175
e 55 56 112
e 55 57 113
e 55 58 114
e 55 59 115
e 55 60 116
e 55 61 117
e 55 62 118
e 55 63 119
e 55 64 120
e 55 67 123
e 55 68 124
e 55 69 125
e 55 70 126
e 55 71 127
e 55 72 128
e 55 73 129
e 55 74 130
e 55 75 131
e 55 78 134
e 55 79 135
e 55 80 136
e 55 81 137
e 55 82 138
e 55 83 139
e 55 84 140
e 55 85 141
e 55 86 142
e 55 87 143
e 55 90 146
e 55 91 147
e 55 92 148
e 55 93 149
e 55 94 150
e 55 95 151
e 55 96 152
e 55 97 153
e 55 98 154
e 55 99 155
e 55 100 156
e 55 103 159
e 55 104 160
e 55 105 161
e 55 106 162
e 55 107 163
e 55 108 164
e 55 109 165
e 55 110 166
e 55 111 167
e 55 112 168
e 55 113 169
e 55 114 170
e 55 117 173
e 55 118 174
e 55 119 175
e 55 120 176
e 56 68 125
e 56 69 126
e 56 70 127
e 56 71 128
e 56 72 129
e 56 73 130
e 56 74 131
e 56 75 132
e 56 76 133
e 56 77 134
e 56 80 137
e 56 81 138
e 56 82 139
e 56 83 140
e 56 84 141
e 56 85 142
e 56 86 143
e 56 87 144
e 56 88 145
e 56 89 146
e 56 91 148
e 56 93 150
e 56 94 151
e 56 95 152
e 56 96 153
e 56 97 154
e 56 98 155
e 56 99 156
e 56 100 157
e 56 101 158
e 56 102 159
e 56 104 161
e 56 105 162
e 56 107 164
e 56 108 165
e 56 109 166
e 56 110 167
e 56 111 168
e 56 112 169
e 56 113 170
e 56 114 171
e 56 115 172
e 56 116 173
e 56 118 175
e 56 119 176
e 56 120 177
e 57 67 125
e 57 69 127
e 57 70 128
e 57 71 129
e 57 72 130
e 57 73 131
e 57 74 132
e 57 75 133
e 57 76 134
e 57 77 135
e 57 79 137
e 57 81 139
e 57 82 140
e 57 83 141
e 57 84 142
e 57 85 143
e 57 86 144
e 57 87 145
e 57 88 146
e 57 89 147
e 57 91 149
e 57 92 150
e 57 94 152
e 57 95 153
e 57 96 154
e 57 97 155
e 57 98 156
e 57 99 157
e 57 100 158
e 57 101 159
e 57 102 160
e 57 104 162
e 57 105 163
e 57 106 164
e 57 108 166
e 57 109 167
e 57 110 168
e 57 111 169
e 57 112 170
e 57 113 171
e 57 114 172
e 57 115 173
e 57 116 174
e 57 118 176
e 57 119 177
e 57 120 178
e 58 67 126
e 58 68 127
e 58 70 129
e 58 71 130
e 58 72 131
e 58 73 132
e 58 74 133
e 58 75 134
e 58 76 135
e 58 77 136
e 58 79 138
e 58 80 139
e 58 82 141
e 58 83 142
e 58 84 143
e 58 85 144
e 58 86 145
e 58 87 146
e 58 88 147
e 58 89 148
e 58 91 150
e 58 92 151
e 58 93 152
e 58 95 154
e 58 96 155
e 58 97 156
e 58 98 157
e 58 99 158
e 58 100 159
e 58 101 160
e 58 102 161
e 58 104 163
e 58 105 164
e 58 106 165
e 58 107 166
e 58 109 168
e 58 110 169
e 58 111 170
e 58 112 171
e 58 113 172
e 58 114 173
e 58 115 174
e 58 116 175
e 58 118 177
e 58 119 178
e 58 120 179
e 59 67 127
e 59 68 128
e 59 69 129
e 59 71 131
e 59 72 132
e 59 73 133
e 59 74 134
e 59 75 135
e 59 76 136
e 59 77 137
e 59 79 139
e 59 80 140
e 59 81 141
e 59 83 143
e 59 84 144
e 59 85 145
e 59 86 146
e 59 87 147
e 59 88 148
e 59 89 149
e 59 91 151
e 59 92 152
e 59 93 153
e 59 94 154
e 59 96 156
e 59 97 157
e 59 98 158
e 59 99 159
e 59 100 160
e 59 101 161
e 59 102 162
e 59 104 164
e 59 105 165
e 59 106 166
e 59 107 167
e 59 108 168
e 59 110 170
e 59 111 171
e 59 112 172
e 59 113 173
e 59 114 174
e 59 115 175
e 59 116 176
e 59 118 178
e 59 119 179
e 59 120 180
e 60 67 128
e 60 68 129
e 60 69 130
e 60 70 131
e 60 72 133
e 60 73 134
e 60 74 135
e 60 75 136
e 60 76 137
e 60 77 138
e 60 79 140
e 60 80 141
e 60 81 142
e 60 82 143
e 60 84 145
e 60 85 146
e 60 86 147
e 60 87 148
e 60 88 149
e 60 89 150
e 60 91 152
e 60 92 153
e 60 93 154
e 60 94 155
e 60 95 156
e 60 97 158
e 60 98 159
e 60 99 160
e 60 100 161
e 60 101 162
e 60 102 163
e 60 104 165
e 60 105 166
e 60 106 167
e 60 107 168
e 60 108 169
e 60 109 170
e 60 111 172
e 60 112 173
e 60 113 174
e 60 114 175
e 60 115 176
e 60 116 177
e 60 118 179
e 60 119 180
e 60 120 181
e 61 67 129
e 61 68 130
e 61 69 131
e 61 70 132
e 61 71 133
e 61 73 135
e 61 74 136
e 61 75 137
e 61 76 138
e 61 77 139
e 61 79 141
e 61 80 142
e 61 81 143
e 61 82 144
e 61 83 145
e 61 85 147
e 61 86 148
e 61 87 149
e 61 88 150
e 61 89 151
e 61 91 153
e 61 92 154
e 61 93 155
e 61 94 156
e 61 95 157
e 61 96 158
e 61 98 160
e 61 99 161
e 61 100 162
e 61 101 163
e 61 102 164
e 61 104 166
e 61 105 167
e 61 106 168
e 61 107 169
e 61 108 170
e 61 109 171
e 61 110 172
e 61 112 174
e 61 113 175
e 61 114 176
e 61 115 177
e 61 116 178
e 61 118 180
e 61 119 181
e 61 120 182
e 62 67 130
e 62 68 131
e 62 69 132
e 62 70 133
e 62 71 134
e 62 72 135
e 62 74 137
e 62 75 138
e 62 76 139
e 62 77 140
e 62 79 142
e 62 80 143
e 62 81 144
e 62 82 145
e 62 83 146
e 62 84 147
e 62 86 149
e 62 87 150
e 62 88 151
e 62 89 152
e 62 91 154
e 62 92 155
e 62 93 156
e 62 94 157
e 62 95 158
e 62 96 159
e 62 97 160
e 62 99 162
e 62 100 163
e 62 101 164
e 62 102 165
e 62 104 167
e 62 105 168
e 62 106 169
e 62 107 170
e 62 108 171
e 62 109 172
e 62 110 173
e 62 111 174
e 62 113 176
e 62 114 177
e 62 115 178
e 62 116 179
e 62 118 181
e 62 119 182
e 62 120 183
e 63 67 131
e 63 68 132
e 63 69 133
e 63 70 134
e 63 71 135
e 63 72 136
e 63 73 137
e 63 75 139
e 63 76 140
e 63 77 141
e 63 79 143
e 63 80 144
e 63 81 145
e 63 82 146
e 63 83 147
e 63 84 148
e 63 85 149
e 63 87 151
e 63 88 152
e 63 89 153
e 63 91 155
e 63 92 156
e 63 93 157
e 63 94 158
e 63 95 159
e 63 96 160
e 63 97 161
e 63 98 162
e 63 100 164
e 63 101 165
e 63 102 166
e 63 104 168
e 63 105 169
e 63 106 170
e 63 107 171
e 63 108 172
e 63 109 173
e 63 110 174
e 63 111 175
e 63 112 176
e 63 114 178
e 63 115 179
e 63 116 180
e 63 118 182
e 63 119 183
e 63 120 184
e 64 67 132
e 64 68 133
e 64 69 134
e 64 70 135
e 64 71 136
e 64 72 137
e 64 73 138
e 64 74 139
e 64 76 141
e 64 77 142
e 64 79 144
e 64 80 145
e 64 81 146
e 64 82 147
e 64 83 148
e 64 84 149
e 64 85 150
e 64 86 151
e 64 88 153
e 64 89 154
e 64 91 156
e 64 92 157
e 64 93 158
e 64 94 159
e 64 95 160
e 64 96 161
e 64 97 162
e 64 98 163
e 64 99 164
e 64 101 166
e 64 102 167
e 64 104 169
e 64 105 170
e 64 106 171
e 64 107 172
e 64 108 173
e 64 109 174
e 64 110 175
e 64 111 176
e 64 112 177
e 64 113 178
e 64 115 180
e 64 116 181
e 64 118 183
e 64 119 184
e 64 120 185
e 65 67 133
e 65 68 134
e 65 69 135
e 65 70 136
e 65 71 137
e 65 72 138
e 65 73 139
e 65 74 140
e 65 75 141
e 65 77 143
e 65 79 145
e 65 80 146
e 65 81 147
e 65 82 148
e 65 83 149
e 65 84 150
e 65 85 151
e 65 86 152
e 65 87 153
e 65 89 155
e 65 91 157
e 65 92 158
e 65 93 159
e 65 94 160
e 65 95 161
e 65 96 162
e 65 97 163
e 65 98 164
e 65 99 165
e 65 100 166
e 65 102 168
e 65 104 170
e 65 105 171
e 65 106 172
e 65 107 173
e 65 108 174
e 65 109 175
e 65 110 176
e 65 111 177
e 65 112 178
e 65 113 179
e 65 114 180
e 65 116 182
e 65 118 184
e 65 119 185
e 65 120 186
e 66 67 134
e 66 68 135
e 66 69 136
e 66 70 137
e 66 71 138
e 66 72 139
e 66 73 140
e 66 74 141
e 66 75 142
e 66 76 143
e 66 79 146
e 66 80 147
e 66 81 148
e 66 82 149
e 66 83 150
e 66 84 151
e 66 85 152
e 66 86 153
e 66 87 154
e 66 88 155
e 66 91 158
e 66 92 159
e 66 93 160
e 66 94 161
e 66 95 162
e 66 96 163
e 66 97 164
e 66 98 165
e 66 99 166
e 66 100 167
e 66 101 168
e 66 104 171
e 66 105 172
e 66 106 173
e 66 107 174
e 66 108 175
e 66 109 176
e 66 110 177
e 66 111 178
e 66 112 179
e 66 113 180
e 66 114 181
e 66 115 182
e 66 118 185
e 66 119 186
e 66 120 187
e 67 80 148
e 67 81 149
e 67 82 150
e 67 83 151
e 67 84 152
e 67 85 153
e 67 86 154
e 67 87 155
e 67 88 156
e 67 89 157
e 67 90 158
e 67 93 161
e 67 94 162
e 67 95 163
e 67 96 164
e 67 97 165
e 67 98 166
e 67 99 167
e 67 100 168
e 67 101 169
e 67 102 170
e 67 103 171
e 67 105 173
e 67 107 175
e 67 108 176
e 67 109 177
e 67 110 178
e 67 111 179
e 67 112 180
e 67 113 181
e 67 114 182
e 67 115 183
e 67 116 184
e 67 117 185
e 67 119 187
e 67 120 188
e 68 79 148
e 68 81 150
e 68 82 151
e 68 83 152
e 68 84 153
e 68 85 154
e 68 86 155
e 68 87 156
e 68 88 157
e 68 89 158
e 68 90 159
e 68 92 161
e 68 94 163
e 68 95 164
e 68 96 165
e 68 97 166
e 68 98 167
e 68 99 168
e 68 100 169
e 68 101 170
e 68 102 171
e 68 103 172
e 68 105 174
e 68 106 175
e 68 108 177
e 68 109 178
e 68 110 179
e 68 111 180
e 68 112 181
e 68 113 182
e 68 114 183
e 68 115 184
e 68 116 185
e 68 117 186
e 68 119 188
e 68 120 189
e 69 79 149
e 69 80 150
e 69 82 152
e 69 83 153
e 69 84 154
e 69 85 155
e 69 86 156
e 69 87 157
e 69 88 158
e 69 89 159
e 69 90 160
e 69 92 162
e 69 93 163
e 69 95 165
e 69 96 166
e 69 97 167
e 69 98 168
e 69 99 169
e 69 100 170
e 69 101 171
e 69 102 172
e 69 103 173
e 69 105 175
e 69 106 176
e 69 107 177
e 69 109 179
e 69 110 180
e 69 111 181
e 69 112 182
e 69 113 183
e 69 114 184
e 69 115 185
e 69 116 186
e 69 117 187
e 69 119 189
e 69 120 190
e 70 79 150
e 70 80 151
e 70 81 152
e 70 83 154
e 70 84 155
e 70 85 156
e 70 86 157
e 70 87 158
e 70 88 159
e 70 89 160
e 70 90 161
e 70 92 163
e 70 93 164
e 70 94 165
e 70 96 167
e 70 97 168
e 70 98 169
e 70 99 170
e 70 100 171
e 70 101 172
e 70 102 173
e 70 103 174
e 70 105 176
e 70 106 177
e 70 107 178
e 70 108 179
e 70 110 181
e 70 111 182
e 70 112 183
e 70 113 184
e 70 114 185
e 70 115 186
e 70 116 187
e 70 117 188
e 70 119 190
e 70 120 191
e 71 79 151
e 71 80 152
e 71 81 153
e 71 82 154
e 71 84 156
e 71 85 157
e 71 86 158
e 71 87 159
e 71 88 160
e 71 89 161
e 71 90 162
e 71 92 164
e 71 93 165
e 71 94 166
e 71 95 167
e 71 97 169
e 71 98 170
e 71 99 171
e 71 100 172
e 71 101 173
e 71 102 174
e 71 103 175
e 71 105 177
e 71 106 178
e 71 107 179
e 71 108 180
e 71 109 181
e 71 111 183
e 71 112 184
e 71 113 185
e 71 114 186
e 71 115 187
e 71 116 188
e 71 117 189
e 71 119 191
e 71 120 192
e 72 79 152
e 72 80 153
e 72 81 154
e 72 82 155
e 72 83 156
e 72 85 158
e 72 86 159
e 72 87 160
e 72 88 161
e 72 89 162
e 72 90 163
e 72 92 165
e 72 93 166
e 72 94 167
e 72 95 168
e 72 96 169
e 72 98 171
e 72 99 172
e 72 100 173
e 72 101 174
e 72 102 175
e 72 103 176
e 72 105 178
e 72 106 179
e 72 107 180
e 72 108 181
e 72 109 182
e 72 110 183
e 72 112 185
e 72 113 186
e 72 114 187
e 72 115 188
e 72 116 189
e 72 117 190
e 72 119 192
e 72 120 193
e 73 79 153
e 73 80 154
e 73 81 155
e 73 82 156
e 73 83 157
e 73 84 158
e 73 86 160
e 73 87 161
e 73 88 162
e 73 89 163
e 73 90 164
e 73 92 166
e 73 93 167
e 73 94 168
e 73 95 169
e 73 96 170
e 73 97 171
e 73 99 173
e 73 100 174
e 73 101 175
e 73 102 176
e 73 103 177
e 73 105 179
e 73 106 180
e 73 107 181
e 73 108 182
e 73 109 183
e 73 110 184
e 73 111 185
e 73 113 187
e 73 114 188
e 73 115 189
e 73 116 190
e 73 117 191
e 73 119 193
e 73 120 194
e 74 79 154
e 74 80 155
e 74 81 156
e 74 82 157
e 74 83 158
e 74 84 159
e 74 85 160
e 74 87 162
e 74 88 163
e 74 89 164
e 74 90 165
e 74 92 167
e 74 93 168
e 74 94 169
e 74 95 170
e 74 96 171
e 74 97 172
e 74 98 173
e 74 100 175
e 74 101 176
e 74 102 177
e 74 103 178
e 74 105 180
e 74 106 181
e 74 107 182
e 74 108 183
e 74 109 184
e 74 110 185
e 74 111 186
e 74 112 187
e 74 114 189
e 74 115 190
e 74 116 191
e 74 117 192
e 74 119 194
e 74 120 195
e 75 79 155
e 75 80 156
e 75 81 157
e 75 82 158
e 75 83 159
e 75 84 160
e 75 85 161
e 75 86 162
e 75 88 164
e 75 89 165
e 75 90 166
e 75 92 168
e 75 93 169
e 75 94 170
e 75 95 171
e 75 96 172
e 75 97 173
e 75 98 174
e 75 99 175
e 75 101 177
e 75 102 178
e 75 103 179
e 75 105 181
e 75 106 182
e 75 107 183
e 75 108 184
e 75 109 185
e 75 110 186
e 75 111 187
e 75 112 188
e 75 113 189
e 75 115 191
e 75 116 192
e 75 117 193
e 75 119 195
e 75 120 196
e 76 79 156
e 76 80 157
e 76 81 158
e 76 82 159
e 76 83 160
e 76 84 161
e 76 85 162
e 76 86 163
e 76 87 164
e 76 89 166
e 76 90 167
e 76 92 169
e 76 93 170
e 76 94 171
e 76 95 172
e 76 96 173
e 76 97 174
e 76 98 175
e 76 99 176
e 76 100 177
e 76 102 179
e 76 103 180
e 76 105 182
e 76 106 183
e 76 107 184
e 76 108 185
e 76 109 186
e 76 110 187
e 76 111 188
e 76 112 189
e 76 113 190
e 76 114 191
e 76 116 193
e 76 117 194
e 76 119 196
e 76 120 197
e 77 79 157
e 77 80 158
e 77 81 159
e 77 82 160
e 77 83 161
e 77 84 162
e 77 85 163
e 77 86 164
e 77 87 165
e 77 88 166
e 77 90 168
e 77 92 170
e 77 93 171
e 77 94 172
e 77 95 173
e 77 96 174
e 77 97 175
e 77 98 176
e 77 99 177
e 77 100 178
e 77 101 179
e 77 103 181
e 77 105 183
e 77 106 184
e 77 107 185
e 77 108 186
e 77 109 187
e 77 110 188
e 77 111 189
e 77 112 190
e 77 113 191
e 77 114 192
e 77 115 193
e 77 117 195
e 77 119 197
e 77 120 198
e 78 79 158
e 78 80 159
e 78 81 160
e 78 82 161
e 78 83 162
e 78 84 163
e 78 85 164
e 78 86 165
e 78 87 166
e 78 88 167
e 78 89 168
e 78 92 171
e 78 93 172
e 78 94 173
e 78 95 174
e 78 96 175
e 78 97 176
e 78 98 177
e 78 99 178
e 78 100 179
e 78 101 180
e 78 102 181
e 78 105 184
e 78 106 185
e 78 107 186
e 78 108 187
e 78 109 188
e 78 110 189
e 78 111 190
e 78 112 191
e 78 113 192
e 78 114 193
e 78 115 194
e 78 116 195
e 78 119 198
e 78 120 199
e 79 93 173
e 79 94 174
e 79 95 175
e 79 96 176
e 79 97 177
e 79 98 178
e 79 99 179
e 79 100 180
e 79 101 181
e 79 102 182
e 79 103 183
e 79 104 184
e 79 107 187
e 79 108 188
e 79 109 189
e 79 110 190
e 79 111 191
e 79 112 192
e 79 113 193
e 79 114 194
e 79 115 195
e 79 116 196
e 79 117 197
e 79 118 198
e 79 120 200
e 80 92 173
e 80 94 175
e 80 95 176
e 80 96 177
e 80 97 178
e 80 98 179
e 80 99 180
e 80 100 181
e 80 101 182
e 80 102 183
e 80 103 184
e 80 104 185
e 80 106 187
e 80 108 189
e 80 109 190
e 80 110 191
e 80 111 192
e 80 112 193
e 80 113 194
e 80 114 195
e 80 115 196
e 80 116 197
e 80 117 198
e 80 118 199
e 80 120 1
e 81 92 174
e 81 93 175
e 81 95 177
e 81 96 178
e 81 97 179
e 81 98 180
e 81 99 181
e 81 100 182
e 81 101 183
e 81 102 184
e 81 103 185
e 81 104 186
e 81 106 188
e 81 107 189
e 81 109 191
e 81 110 192
e 81 111 193
e 81 112 194
e 81 113 195
e 81 114 196
e 81 115 197
e 81 116 198
e 81 117 199
e 81 118 200
e 81 120 2
e 82 92 175
e 82 93 176
e 82 94 177
e 82 96 179
e 82 97 180
e 82 98 181
e 82 99 182
e 82 100 183
e 82 101 184
e 82 102 185
e 82 103 186
e 82 104 187
e 82 106 189
e 82 107 190
e 82 108 191
e 82 110 193
e 82 111 194
e 82 112 195
e 82 113 196
e 82 114 197
e 82 115 198
e 82 116 199
e 82 117 200
e 82 118 1
e 82 120 3
e 83 92 176
e 83 93 177
e 83 94 178
e 83 95 179
e 83 97 181
e 83 98 182
e 83 99 183
e 83 100 184
e 83 101 185
e 83 102 186
e 83 103 187
e 83 104 188
e 83 106 190
e 83 107 191
e 83 108 192
e 83 109 193
e 83 111 195
e 83 112 196
e 83 113 197
e 83 114 198
e 83 115 199
e 83 116 200
e 83 117 1
e 83 118 2
e 83 120 4
e 84 92 177
e 84 93 178
e 84 94 179
e 84 95 180
e 84 96 181
e 84 98 183
e 84 99 184
e 84 100 185
e 84 101 186
e 84 102 187
e 84 103 188
e 84 104 189
e 84 106 191
e 84 107 192
e 84 108 193
e 84 109 194
e 84 110 195
e 84 112 197
e 84 113 198
e 84 114 199
e 84 115 200
e 84 116 1
e 84 117 2
e 84 118 3
e 84 120 5
e 85 92 178
e 85 93 179
e 85 94 180
e 85 95 181
e 85 96 182
e 85 97 183
e 85 99 185
e 85 100 186
e 85 101 187
e 85 102 188
e 85 103 189
e 85 104 190
e 85 106 192
e 85 107 193
e 85 108 194
e 85 109 195
e 85 110 196
e 85 111 197
e 85 113 199
e 85 114 200
e 85 115 1
e 85 116 2
e 85 117 3
e 85 118 4
e 85 120 6
e 86 92 179
e 86 93 180
e 86 94 181
e 86 95 182
e 86 96 183
e 86 97 184
e 86 98 185
e 86 100 187
e 86 101 188
e 86 102 189
e 86 103 190
e 86 104 191
e 86 106 193
e 86 107 194
e 86 108 195
e 86 109 196
e 86 110 197
e 86 111 198
e 86 112 199
e 86 114 1
e 86 115 2
e 86 116 3
e 86 117 4
e 86 118 5
e 86 120 7
e 87 92 180
e 87 93 181
e 87 94 182
e 87 95 183
e 87 96 184
e 87 97 185
e 87 98 186
e 87 99 187
e 87 101 189
e 87 102 190
e 87 103 191
e 87 104 192
e 87 106 194
e 87 107 195
e 87 108 196
e 87 109 197
e 87 110 198
e 87 111 199
e 87 112 200
e 87 113 1
e 87 115 3
e 87 116 4
e 87 117 5
e 87 118 6
e 87 120 8
e 88 92 181
e 88 93 182
e 88 94 183
e 88 95 184
e 88 96 185
e 88 97 186
e 88 98 187
e 88 99 188
e 88 100 189
e 88 102 191
e 88 103 192
e 88 104 193
e 88 106 195
e 88 107 196
e 88 108 197
e 88 109 198
e 88 110 199
e 88 111 200
e 88 112 1
e 88 113 2
e 88 114 3
e 88 116 5
e 88 117 6
e 88 118 7
e 88 120 9
e 89 92 182
e 89 93 183
e 89 94 184
e 89 95 185
e 89 96 186
e 89 97 187
e 89 98 188
e 89 99 189
e 89 100 190
e 89 101 191
e 89 103 193
e 89 104 194
e 89 106 196
e 89 107 197
e 89 108 198
e 89 109 199
e 89 110 200
e 89 111 1
e 89 112 2
e 89 113 3
e 89 114 4
e 89 115 5
e 89 117 7
e 89 118 8
e 89 120 10
e 90 92 183
e 90 93 184
e 90 94 185
e 90 95 186
e 90 96 187
e 90 97 188
e 90 98 189
e 90 99 190
e 90 100 191
e 90 101 192
e 90 102 193
e 90 104 195
e 90 106 197
e 90 107 198
e 90 108 199
e 90 109 200
e 90 110 1
e 90 111 2
e 90 112 3
e 90 113 4
e 90 114 5
e 90 115 6
e 90 116 7
e 90 118 9
e 90 120 11
e 91 92 184
e 91 93 185
e 91 94 186
e 91 95 187
e 91 96 188
e 91 97 189
e 91 98 190
e 91 99 191
e 91 100 192
e 91 101 193
e 91 102 194
e 91 103 195
e 91 106 198
e 91 107 199
e 91 108 200
e 91 109 1
e 91 110 2
e 91 111 3
e 91 112 4
e 91 113 5
e 91 114 6
e 91 115 7
e 91 116 8
e 91 117 9
e 91 120 12
e 92 107 200
e 92 108 1
e 92 109 2
e 92 110 3
e 92 111 4
e 92 112 5
e 92 113 6
e 92 114 7
e 92 115 8
e 92 116 9
e 92 117 10
e 92 118 11
e 92 119 12
e 93 106 200
e 93 108 2
e 93 109 3
e 93 110 4
e 93 111 5
e 93 112 6
e 93 113 7
e 93 114 8
e 93 115 9
e 93 116 10
e 93 117 11
e 93 118 12
e 93 119 13
e 94 106 1
e 94 107 2
e 94 109 4
e 94 110 5
e 94 111 6
e 94 112 7
e 94 113 8
e 94 114 9
e 94 115 10
e 94 116 11
e 94 117 12
e 94 118 13
e 94 119 14
e 95 106 2
e 95 107 3
e 95 108 4
e 95 110 6
e 95 111 7
e 95 112 8
e 95 113 9
e 95 114 10
e 95 115 11
e 95 116 12
e 95 117 13
e 95 118 14
e 95 119 15
e 96 106 3
e 96 107 4
e 96 108 5
e 96 109 6
e 96 111 8
e 96 112 9
e 96 113 10
e 96 114 11
e 96 115 12
e 96 116 13
e 96 117 14
e 96 118 15
e 96 119 16
e 97 106 4
e 97 107 5
e 97 108 6
e 97 109 7
e 97 110 8
e 97 112 10
e 97 113 11
e 97 114 12
e 97 115 13
e 97 116 14
e 97 117 15
e 97 118 16
e 97 119 17
e 98 106 5
e 98 107 6
e 98 108 7
e 98 109 8
e 98 110 9
e 98 111 10
e 98 113 12
e 98 114 13
e 98 115 14
e 98 116 15
e 98 117 16
e 98 118 17
e 98 119 18
e 99 106 6
e 99 107 7
e 99 108 8
e 99 109 9
e 99 110 10
e 99 111 11
e 99 112 12
e 99 114 14
e 99 115 15
e 99 116 16
e 99 117 17
e 99 118 18
e 99 119 19
e 100 106 7
e 100 107 8
e 100 108 9
e 100 109 10
e 100 110 11
e 100 111 12
e 100 112 13
e 100 113 14
e 100 115 16
e 100 116 17
e 100 117 18
e 100 118 19
e 100 119 20
e 101 106 8
e 101 107 9
e 101 108 10
e 101 109 11
e 101 110 12
e 101 111 13
e 101 112 14
e 101 113 15
e 101 114 16
e 101 116 18
e 101 117 19
e 101 118 20
e 101 119 21
e 102 106 9
e 102 107 10
e 102 108 11
e 102 109 12
e 102 110 13
e 102 111 14
e 102 112 15
e 102 113 16
e 102 114 17
e 102 115 18
e 102 117 20
e 102 118 21
e 102 119 22
e 103 106 10
e 103 107 11
e 103 108 12
e 103 109 13
e 103 110 14
e 103 111 15
e 103 112 16
e 103 113 17
e 103 114 18
e 103 115 19
e 103 116 20
e 103 118 22
e 103 119 23
e 104 106 11
e 104 107 12
e 104 108 13
e 104 109 14
e 104 110 15
e 104 111 16
e 104 112 17
e 104 113 18
e 104 114 19
e 104 115 20
e 104 116 21
e 104 117 22
e 104 119 24
e 105 106 12
e 105 107 13
e 105 108 14
e 105 109 15
e 105 110 16
e 105 111 17
e 105 112 18
e 105 113 19
e 105 114 20
e 105 115 21
e 105 116 22
e 105 117 23
e 105 118 24
n 1 0
n 2 0
n 3 0
n 4 0
n 5 0
n 6 0
n 7 0
n 8 0
n 9 0
n 10 0
n 11 0
n 12 0
n 13 0
n 14 0
n 15 0
n 16 0
n 17 0
n 18 0
n 19 0
n 20 0
n 21 0
n 22 0
n 23 0
n 24 0
n 25 0
n 26 0
n 27 0
n 28 0
n 29 0
n 30 0
n 31 0
n 32 0
n 33 0
n 34 0
n 35 0
n 36 0
n 37 0
n 38 0
n 39 0
n 40 0
n 41 0
n 42 0
n 43 0
n 44 0
n 45 0
n 46 0
n 47 0
n 48 0
n 49 0
n 50 0
n 51 0
n 52 0
n 53 0
n 54 0
n 55 0
n 56 0
n 57 0
n 58 0
n 59 0
n 60 0
n 61 0
n 62 0
n 63 0
n 64 0
n 65 0
n 66 0
n 67 0
n 68 0
n 69 0
n 70 0
n 71 0
n 72 0
n 73 0
n 74 0
n 75 0
n 76 0
n 77 0
n 78 0
n 79 0
n 80 0
n 81 0
n 82 0
n 83 0
n 84 0
n 85 0
n 86 0
n 87 0
n 88 0
n 89 0
n 90 0
n 91 0
n 92 0
n 93 0
n 94 0
n 95 0
n 96 0
n 97 0
n 98 0
n 99 0
n 100 0
n 101 0
n 102 0
n 103 0
n 104 0
n 105 0
n 106 0
n 107 0
n 108 0
n 109 0
n 110 0
n 111 0
n 112 0
n 113 0
n 114 0
n 115 0
n 116 0
n 117 0
n 118 0
n 119 0
n 120 0
